energy_eV,xs_barns
1.0000E-05,2.0000E+07
1.0000E-10,1.0000E+10
1.00000000E-05,1.41689100E+01
1.26000000E-05,1.41688996E+01
1.50000000E-05,1.41688900E+01
1.89000000E-05,1.41688744E+01
2.00000000E-05,1.41688700E+01
2.52000000E-05,1.41688492E+01
2.75000000E-05,1.41688400E+01
3.46500000E-05,1.41688114E+01
3.50000000E-05,1.41688100E+01
4.41000000E-05,1.41687736E+01
5.00000000E-05,1.41687500E+01
6.30000000E-05,1.41687032E+01
7.50000000E-05,1.41686600E+01
9.45000000E-05,1.41685820E+01
1.00000000E-04,1.41685600E+01
1.26000000E-04,1.41684612E+01
1.50000000E-04,1.41683700E+01
1.89000000E-04,1.41682218E+01
2.00000000E-04,1.41681800E+01
2.52000000E-04,1.41679789E+01
2.75000000E-04,1.41678900E+01
3.46500000E-04,1.41676135E+01
3.50000000E-04,1.41676000E+01
4.41000000E-04,1.41672542E+01
5.00000000E-04,1.41670300E+01
6.30000000E-04,1.41665360E+01
7.50000000E-04,1.41660800E+01
9.45000000E-04,1.41653312E+01
1.00000000E-03,1.41651200E+01
1.26000000E-03,1.41641216E+01
1.50000000E-03,1.41632000E+01
1.89000000E-03,1.41617024E+01
2.00000000E-03,1.41612800E+01
2.52000000E-03,1.41592624E+01
2.75000000E-03,1.41583700E+01
3.46500000E-03,1.41555767E+01
3.50000000E-03,1.41554400E+01
4.41000000E-03,1.41518485E+01
5.00000000E-03,1.41495200E+01
6.30000000E-03,1.41443035E+01
6.44540000E-03,1.41437200E+01
7.89080000E-03,1.41378400E+01
9.94240800E-03,1.41294067E+01
1.00000000E-02,1.41291700E+01
1.26000000E-02,1.41184840E+01
1.50000000E-02,1.41086200E+01
1.89000000E-02,1.40931136E+01
2.00000000E-02,1.40887400E+01
2.51440000E-02,1.40692300E+01
2.53000000E-02,1.40686500E+01
2.56859400E-02,1.40672200E+01
2.60718800E-02,1.40658000E+01
2.68437500E-02,1.40629600E+01
2.83875000E-02,1.40573300E+01
3.14750000E-02,1.40462100E+01
3.76500000E-02,1.40244200E+01
4.74390000E-02,1.39908203E+01
5.00000000E-02,1.39820300E+01
6.25000000E-02,1.39401800E+01
7.50000000E-02,1.38991400E+01
9.45000000E-02,1.38365840E+01
1.00000000E-01,1.38189400E+01
1.21985000E-01,1.37499900E+01
1.43970000E-01,1.36821200E+01
1.81402200E-01,1.35700618E+01
1.87940000E-01,1.35504900E+01
2.00000000E-01,1.35167800E+01
2.35070000E-01,1.34390800E+01
2.70140000E-01,1.34316000E+01
2.90687500E-01,1.34657800E+01
3.11235000E-01,1.35023600E+01
3.52330000E-01,1.35117000E+01
3.89247500E-01,1.34635900E+01
4.26165000E-01,1.33996600E+01
5.00000000E-01,1.32719500E+01
6.25000000E-01,1.30828600E+01
7.50000000E-01,1.29166800E+01
8.75000000E-01,1.27580800E+01
1.00000000E+00,1.25982600E+01
1.03450000E+00,1.25628600E+01
1.12230000E+00,1.26975400E+01
1.15505000E+00,1.28941400E+01
1.18780000E+00,1.29877000E+01
1.21020000E+00,1.29631400E+01
1.23605000E+00,1.28961800E+01
1.26190000E+00,1.28284400E+01
1.33590000E+00,1.26984600E+01
1.41891300E+00,1.25882000E+01
1.50192500E+00,1.24959700E+01
1.66795000E+00,1.23396700E+01
1.83397500E+00,1.21848200E+01
1.91698800E+00,1.20794300E+01
1.95849400E+00,1.19973600E+01
1.97924700E+00,1.19410200E+01
2.00000000E+00,1.18840900E+01
2.00300000E+00,1.18794300E+01
2.01022500E+00,1.18800400E+01
2.01745000E+00,1.19098300E+01
2.03190000E+00,1.21080500E+01
2.06090000E+00,1.24058900E+01
2.08001600E+00,1.23598100E+01
2.09913200E+00,1.23003900E+01
2.13736300E+00,1.22127700E+01
2.17559400E+00,1.21535800E+01
2.21382500E+00,1.21082900E+01
2.36675000E+00,1.19761300E+01
2.51967500E+00,1.18654000E+01
2.67260000E+00,1.17429800E+01
2.70880000E+00,1.17025300E+01
2.74500000E+00,1.16561000E+01
2.81740000E+00,1.16164000E+01
2.93975000E+00,1.15282600E+01
3.00092500E+00,1.14594800E+01
3.06210000E+00,1.13874500E+01
3.13770000E+00,1.15110000E+01
3.17550000E+00,1.17389000E+01
3.21330000E+00,1.17904000E+01
3.25587500E+00,1.17125700E+01
3.29845000E+00,1.16185200E+01
3.38360000E+00,1.14452000E+01
3.46875000E+00,1.12497300E+01
3.51132500E+00,1.11235600E+01
3.55390000E+00,1.10108600E+01
3.58210000E+00,1.11082000E+01
3.60530000E+00,1.15531300E+01
3.62620000E+00,1.21149100E+01
3.65670000E+00,1.23676100E+01
3.67030000E+00,1.23168200E+01
3.68828500E+00,1.22149200E+01
3.70626900E+00,1.21134700E+01
3.74223800E+00,1.19494500E+01
3.77820700E+00,1.18313800E+01
3.81417500E+00,1.17430600E+01
3.88611300E+00,1.16160400E+01
3.95805000E+00,1.15233700E+01
4.10192500E+00,1.13807700E+01
4.24580000E+00,1.12579400E+01
4.38967500E+00,1.11326900E+01
4.53355000E+00,1.09805700E+01
4.60548800E+00,1.08767100E+01
4.67742500E+00,1.07248200E+01
4.71339400E+00,1.06100000E+01
4.74936300E+00,1.04399500E+01
4.76734800E+00,1.03190100E+01
4.78533200E+00,1.01615400E+01
4.80331600E+00,9.96604400E+00
4.82130000E+00,9.82414100E+00
4.84780000E+00,1.11879500E+01
4.87430000E+00,1.25588000E+01
4.89001300E+00,1.23206300E+01
4.90572500E+00,1.20605400E+01
4.92143800E+00,1.18595800E+01
4.93715000E+00,1.17087800E+01
4.96857500E+00,1.15017800E+01
5.00000000E+00,1.13655000E+01
5.07630000E+00,1.11608400E+01
5.15497500E+00,1.10259200E+01
5.23365000E+00,1.09223500E+01
5.39100000E+00,1.07684600E+01
5.54835000E+00,1.06621600E+01
5.70570000E+00,1.05218700E+01
5.88410000E+00,1.02599800E+01
5.97330000E+00,1.00672500E+01
6.06250000E+00,9.81356700E+00
6.17240000E+00,9.57837400E+00
6.22740000E+00,9.55000000E+00
6.28240000E+00,9.08446500E+00
6.30122500E+00,8.78447800E+00
6.32005000E+00,8.42237600E+00
6.33887500E+00,8.08517800E+00
6.35770000E+00,8.27275100E+00
6.37200000E+00,9.95990600E+00
6.38630000E+00,1.41147700E+01
6.41490000E+00,1.72284300E+01
6.42827500E+00,1.62009000E+01
6.44165000E+00,1.52379200E+01
6.46840000E+00,1.39114500E+01
6.49346900E+00,1.31581500E+01
6.51853800E+00,1.26580400E+01
6.56867500E+00,1.20330900E+01
6.61881300E+00,1.16468900E+01
6.66895000E+00,1.13711200E+01
6.76922500E+00,1.09591200E+01
6.86950000E+00,1.05798600E+01
6.91220000E+00,1.03873300E+01
6.95490000E+00,1.01439900E+01
6.99760000E+00,9.81195800E+00
7.01895000E+00,9.61627600E+00
7.04030000E+00,9.49032200E+00
7.07870000E+00,1.09792700E+01
7.09790000E+00,1.24465900E+01
7.11710000E+00,1.27568900E+01
7.13628800E+00,1.24950000E+01
7.15547500E+00,1.21781900E+01
7.17466300E+00,1.19154000E+01
7.19385000E+00,1.17087900E+01
7.23222500E+00,1.14125300E+01
7.27060000E+00,1.12093700E+01
7.37040000E+00,1.08746100E+01
7.47020000E+00,1.06584000E+01
7.58050000E+00,1.04820100E+01
7.63570000E+00,1.03889300E+01
7.69090000E+00,1.02899200E+01
7.90862500E+00,9.89137100E+00
8.12635000E+00,9.39463400E+00
8.23521300E+00,9.05839500E+00
8.34407500E+00,8.61268200E+00
8.45293800E+00,7.98117200E+00
8.50736900E+00,7.55763100E+00
8.56180000E+00,7.04266900E+00
8.62450000E+00,6.40009500E+00
8.65585000E+00,6.22155500E+00
8.68720000E+00,6.54312800E+00
8.72190000E+00,8.76620400E+00
8.75660000E+00,1.51949200E+01
8.78310000E+00,2.08206100E+01
8.80960000E+00,2.25719800E+01
8.82600000E+00,2.20197500E+01
8.88387500E+00,1.84064400E+01
8.94175000E+00,1.60449700E+01
8.99962500E+00,1.46542100E+01
9.05750000E+00,1.37076000E+01
9.13570000E+00,1.27007900E+01
9.17480000E+00,1.22174900E+01
9.21390000E+00,1.17512900E+01
9.26920000E+00,1.21583200E+01
9.29685000E+00,1.31680200E+01
9.32450000E+00,1.35154000E+01
9.36431300E+00,1.32724200E+01
9.40412500E+00,1.29331800E+01
9.48375000E+00,1.24191100E+01
9.56337500E+00,1.20578000E+01
9.64300000E+00,1.17800500E+01
9.75130000E+00,1.15885600E+01
9.85960000E+00,1.14990400E+01
9.92980000E+00,1.13038200E+01
1.00000000E+01,1.10805300E+01
1.00510000E+01,1.08823900E+01
1.00765000E+01,1.07621100E+01
1.01020000E+01,1.06347200E+01
1.01520000E+01,1.07757000E+01
1.01770000E+01,1.12139900E+01
1.02020000E+01,1.14067400E+01
1.02296300E+01,1.13808700E+01
1.02572500E+01,1.12949000E+01
1.03125000E+01,1.11287500E+01
1.04230000E+01,1.08810600E+01
1.05335000E+01,1.06819300E+01
1.06440000E+01,1.04852800E+01
1.07070000E+01,1.03770700E+01
1.07710000E+01,1.03284700E+01
1.09874300E+01,9.96099000E+00
1.12038500E+01,9.44568600E+00
1.13120700E+01,9.06251600E+00
1.14202800E+01,8.47023400E+00
1.14743900E+01,8.00638900E+00
1.15284900E+01,7.30487200E+00
1.15555500E+01,6.80217400E+00
1.15826000E+01,6.16598900E+00
1.16096500E+01,5.56328900E+00
1.16231800E+01,5.68736500E+00
1.16367000E+01,7.21771700E+00
1.16490500E+01,1.21971600E+01
1.16614000E+01,2.17689900E+01
1.16737500E+01,2.70161400E+01
1.16861000E+01,2.49258000E+01
1.17009100E+01,2.09702800E+01
1.17157200E+01,1.81408600E+01
1.17305300E+01,1.62690800E+01
1.17453400E+01,1.49867300E+01
1.17749600E+01,1.33715500E+01
1.18045800E+01,1.23944800E+01
1.18638200E+01,1.12279900E+01
1.19230500E+01,1.04875400E+01
1.20415300E+01,9.35792700E+00
1.21007700E+01,8.78892100E+00
1.21600000E+01,8.14019400E+00
1.22037500E+01,7.58976400E+00
1.22475000E+01,7.02661200E+00
1.22912500E+01,6.86309600E+00
1.23131300E+01,7.56998300E+00
1.23350000E+01,1.02357800E+01
1.23465000E+01,1.35025200E+01
1.23570000E+01,1.85793700E+01
1.23780000E+01,3.62563900E+01
1.23995000E+01,4.89531200E+01
1.24210000E+01,4.26991700E+01
1.24437500E+01,3.34312800E+01
1.24665000E+01,2.72916700E+01
1.24892500E+01,2.34383100E+01
1.25120000E+01,2.09033300E+01
1.25452500E+01,1.84988600E+01
1.25785000E+01,1.69400400E+01
1.26450000E+01,1.50376700E+01
1.27115000E+01,1.38924600E+01
1.27780000E+01,1.31158800E+01
1.28500000E+01,1.28496700E+01
1.29220000E+01,1.27892700E+01
1.29662500E+01,1.25322100E+01
1.30105000E+01,1.22754400E+01
1.30990000E+01,1.18326600E+01
1.31670000E+01,1.15501100E+01
1.32730000E+01,1.13971600E+01
1.33780000E+01,1.13039800E+01
1.34500000E+01,1.10360100E+01
1.35057500E+01,1.08136600E+01
1.35615000E+01,1.06123000E+01
1.36730000E+01,1.05266500E+01
1.37070000E+01,1.05933400E+01
1.38010000E+01,1.07114900E+01
1.39140000E+01,1.08302300E+01
1.40115000E+01,1.12703800E+01
1.41090000E+01,1.16752300E+01
1.41550000E+01,1.17090600E+01
1.42635000E+01,1.15365600E+01
1.43720000E+01,1.12121300E+01
1.44415000E+01,1.09122500E+01
1.44762500E+01,1.07096900E+01
1.44936300E+01,1.06063100E+01
1.45110000E+01,1.05584000E+01
1.45222000E+01,1.06377900E+01
1.45425000E+01,1.14343200E+01
1.45628000E+01,1.28191500E+01
1.45831000E+01,1.29740000E+01
1.46034000E+01,1.25936800E+01
1.46333000E+01,1.21354600E+01
1.46632000E+01,1.18472100E+01
1.47230000E+01,1.15063500E+01
1.48105000E+01,1.12091500E+01
1.48980000E+01,1.09871400E+01
1.50730000E+01,1.05924600E+01
1.50935000E+01,1.05429900E+01
1.51080000E+01,1.05063600E+01
1.51370000E+01,1.04269100E+01
1.51950000E+01,1.02251500E+01
1.52530000E+01,9.95553300E+00
1.53110000E+01,9.66124800E+00
1.53610000E+01,9.58841800E+00
1.53895000E+01,1.00780600E+01
1.54180000E+01,1.12511900E+01
1.54750000E+01,1.19655700E+01
1.55109500E+01,1.16112700E+01
1.55469000E+01,1.12945700E+01
1.55828500E+01,1.10482500E+01
1.56188000E+01,1.08509400E+01
1.56907000E+01,1.05337600E+01
1.57626000E+01,1.02504900E+01
1.58345000E+01,9.94175100E+00
1.59064000E+01,9.53183300E+00
1.59423500E+01,9.24358300E+00
1.59783000E+01,8.85203300E+00
1.60142500E+01,8.32184400E+00
1.60322300E+01,8.06571100E+00
1.60502000E+01,8.11080500E+00
1.60662500E+01,9.21395600E+00
1.60823000E+01,1.23627500E+01
1.60983000E+01,1.51808300E+01
1.61143000E+01,1.53337500E+01
1.61282300E+01,1.46298900E+01
1.61421600E+01,1.39137000E+01
1.61700200E+01,1.28706000E+01
1.61978800E+01,1.22175800E+01
1.62257300E+01,1.17787000E+01
1.62535900E+01,1.14590800E+01
1.62814400E+01,1.12100300E+01
1.63371500E+01,1.08254300E+01
1.63928700E+01,1.05085700E+01
1.64485800E+01,1.02019100E+01
1.65042900E+01,9.86807600E+00
1.65321500E+01,9.69099200E+00
1.65600000E+01,9.53390600E+00
1.66360000E+01,1.01576400E+01
1.66745000E+01,1.11778500E+01
1.67130000E+01,1.15505200E+01
1.67548800E+01,1.14632900E+01
1.67967500E+01,1.12711800E+01
1.68805000E+01,1.09317100E+01
1.69642500E+01,1.06801500E+01
1.70480000E+01,1.04806300E+01
1.72155000E+01,1.01518500E+01
1.73830000E+01,9.84637200E+00
1.74780000E+01,9.66232200E+00
1.75230000E+01,9.57232900E+00
1.75730000E+01,9.46372500E+00
1.76622500E+01,9.23570700E+00
1.77515000E+01,8.94711300E+00
1.78407500E+01,8.55266100E+00
1.78853800E+01,8.30376500E+00
1.79300000E+01,8.06160500E+00
1.80220000E+01,9.05895100E+00
1.80847000E+01,1.06116500E+01
1.81130000E+01,1.06801100E+01
1.81294000E+01,1.06525600E+01
1.81740000E+01,1.04555300E+01
1.82197500E+01,1.01558100E+01
1.82655000E+01,9.88774400E+00
1.83570000E+01,9.44830800E+00
1.85400000E+01,8.71081600E+00
1.87549500E+01,7.73731700E+00
1.88624300E+01,7.09330800E+00
1.89161700E+01,6.71600700E+00
1.89430400E+01,6.53058700E+00
1.89699000E+01,6.42107900E+00
1.89997000E+01,6.61858600E+00
1.90295000E+01,6.34256400E+00
1.90781500E+01,5.76496900E+00
1.91268000E+01,5.78314600E+00
1.91754500E+01,7.51428600E+00
1.91997800E+01,1.03510700E+01
1.92241000E+01,1.65855200E+01
1.92528500E+01,3.28032900E+01
1.92816000E+01,5.78001300E+01
1.93103000E+01,6.61606000E+01
1.93390000E+01,5.47649300E+01
1.93759000E+01,3.99078000E+01
1.94128000E+01,3.09628500E+01
1.94497000E+01,2.56427000E+01
1.94866000E+01,2.23042200E+01
1.95203000E+01,2.06637100E+01
1.95540000E+01,1.92856600E+01
1.95708500E+01,1.85822100E+01
1.95846900E+01,1.80692000E+01
1.96123800E+01,1.72002100E+01
1.96677500E+01,1.59013000E+01
1.97785000E+01,1.42474000E+01
1.98892500E+01,1.31998700E+01
2.00000000E+01,1.24321100E+01
2.00756000E+01,1.19806500E+01
2.01134000E+01,1.17649600E+01
2.01512000E+01,1.16292300E+01
2.01839000E+01,1.19020100E+01
2.02089000E+01,1.18840000E+01
2.02333000E+01,1.17770800E+01
2.02501000E+01,1.17805800E+01
2.02707000E+01,1.17388100E+01
2.02913000E+01,1.15576700E+01
2.03110000E+01,1.13734900E+01
2.03306900E+01,1.12169300E+01
2.03700800E+01,1.09575700E+01
2.04488500E+01,1.04966900E+01
2.05276300E+01,9.98130500E+00
2.05670200E+01,9.67911400E+00
2.05867100E+01,9.54435700E+00
2.06064000E+01,9.51417000E+00
2.06441000E+01,1.06985200E+01
2.06819000E+01,1.12220500E+01
2.07091800E+01,1.06637700E+01
2.07364500E+01,1.01772700E+01
2.07910000E+01,9.40041500E+00
2.08392500E+01,8.73968700E+00
2.08875000E+01,7.97974800E+00
2.09357500E+01,7.07379500E+00
2.09598800E+01,6.63935700E+00
2.09840000E+01,6.47616100E+00
2.10155000E+01,8.32466900E+00
2.10363000E+01,1.41482500E+01
2.10571000E+01,2.64567700E+01
2.10779000E+01,3.45986000E+01
2.10987000E+01,3.21695100E+01
2.11185300E+01,2.77175800E+01
2.11383500E+01,2.41929100E+01
2.11780000E+01,1.98866400E+01
2.12320500E+01,1.69668000E+01
2.12860900E+01,1.54154200E+01
2.13401400E+01,1.44557500E+01
2.13941800E+01,1.37989100E+01
2.15022700E+01,1.29414600E+01
2.16103500E+01,1.23867700E+01
2.18265300E+01,1.16565200E+01
2.20427000E+01,1.11278300E+01
2.20836000E+01,1.10406300E+01
2.21245000E+01,1.09583700E+01
2.22187700E+01,1.07499700E+01
2.23130300E+01,1.05376000E+01
2.25015500E+01,1.00517100E+01
2.25958200E+01,9.73691100E+00
2.26900800E+01,9.31069700E+00
2.27372100E+01,9.01811800E+00
2.27843400E+01,8.62924700E+00
2.28314700E+01,8.08869800E+00
2.28550400E+01,7.76143000E+00
2.28786000E+01,7.49456600E+00
2.29016000E+01,7.72608700E+00
2.29246000E+01,9.62079200E+00
2.29476500E+01,1.25600800E+01
2.29707000E+01,1.32466600E+01
2.29964000E+01,1.25720900E+01
2.30220900E+01,1.18252200E+01
2.30734800E+01,1.07599500E+01
2.31248700E+01,1.00128500E+01
2.31762500E+01,9.35163700E+00
2.32276400E+01,8.62951700E+00
2.32790300E+01,7.67330700E+00
2.33047300E+01,7.01157000E+00
2.33304200E+01,6.14407300E+00
2.33561100E+01,5.12000000E+00
2.33818000E+01,6.26915000E+00
2.34125500E+01,2.59160700E+01
2.34374000E+01,2.01443700E+01
2.34676300E+01,1.52988600E+01
2.34832500E+01,1.40529900E+01
2.35145000E+01,1.26810300E+01
2.35770000E+01,1.24759900E+01
2.36390000E+01,1.38540900E+01
2.37010000E+01,1.41604100E+01
2.37603000E+01,1.36736300E+01
2.38196000E+01,1.30876800E+01
2.39382000E+01,1.20755700E+01
2.39975000E+01,1.16009800E+01
2.40568000E+01,1.10625000E+01
2.41161000E+01,1.03246100E+01
2.41457500E+01,9.81751200E+00
2.41754000E+01,9.30329000E+00
2.41979000E+01,9.40588200E+00
2.42204000E+01,1.10318700E+01
2.42429000E+01,1.33208900E+01
2.42654000E+01,1.40807500E+01
2.42867500E+01,1.39410500E+01
2.43081000E+01,1.36219700E+01
2.43508000E+01,1.30488400E+01
2.43935000E+01,1.26423300E+01
2.44362000E+01,1.23472600E+01
2.45216000E+01,1.19377300E+01
2.46070000E+01,1.16521500E+01
2.47880000E+01,1.12253500E+01
2.49690000E+01,1.09150200E+01
2.51820000E+01,1.06751800E+01
2.52150000E+01,1.06574400E+01
2.53310000E+01,1.06786900E+01
2.53600000E+01,1.07128800E+01
2.54495000E+01,1.08967100E+01
2.55390000E+01,1.11790700E+01
2.55720000E+01,1.13078500E+01
2.56612500E+01,1.16849800E+01
2.57505000E+01,1.19672700E+01
2.59290000E+01,1.18040600E+01
2.59970000E+01,1.15408200E+01
2.60650000E+01,1.12210700E+01
2.61330000E+01,1.08642600E+01
2.62010000E+01,1.04873200E+01
2.62690000E+01,1.01273300E+01
2.63370000E+01,9.87464000E+00
2.64430000E+01,1.03153000E+01
2.64530000E+01,1.04600100E+01
2.64820000E+01,1.09475400E+01
2.65110000E+01,1.14017100E+01
2.65690000E+01,1.18174400E+01
2.66270000E+01,1.17964300E+01
2.66850000E+01,1.16627100E+01
2.67863000E+01,1.14058700E+01
2.68876000E+01,1.11590600E+01
2.69889000E+01,1.08982500E+01
2.70395500E+01,1.07469200E+01
2.70902000E+01,1.05989700E+01
2.71446000E+01,1.08096000E+01
2.71991000E+01,1.10494700E+01
2.72275400E+01,1.09553000E+01
2.72559700E+01,1.08467200E+01
2.73128300E+01,1.06474600E+01
2.74265500E+01,1.02719900E+01
2.75402800E+01,9.79427200E+00
2.75971400E+01,9.45314200E+00
2.76540000E+01,9.00222500E+00
2.77000000E+01,8.64208800E+00
2.77460000E+01,9.04394400E+00
2.77920000E+01,1.16599300E+01
2.78380000E+01,1.31250300E+01
2.78703300E+01,1.29970400E+01
2.79026500E+01,1.26766400E+01
2.79673000E+01,1.21178600E+01
2.80180000E+01,1.17891400E+01
2.80557500E+01,1.15194300E+01
2.80852000E+01,1.13443100E+01
2.81841000E+01,1.09543000E+01
2.82335500E+01,1.07786600E+01
2.82830000E+01,1.06262300E+01
2.83104000E+01,1.05967900E+01
2.83289000E+01,1.06402100E+01
2.83659000E+01,1.10061900E+01
2.84028500E+01,1.15022200E+01
2.84398000E+01,1.15575200E+01
2.84666000E+01,1.14268100E+01
2.84934000E+01,1.12755000E+01
2.85470000E+01,1.10328700E+01
2.85810000E+01,1.09367100E+01
2.86570000E+01,1.08707000E+01
2.87330000E+01,1.08636100E+01
2.88610000E+01,1.06847400E+01
2.88860000E+01,1.06420000E+01
2.89605000E+01,1.05201200E+01
2.90350000E+01,1.04079200E+01
2.91840000E+01,1.01957100E+01
2.93450000E+01,9.94170100E+00
2.94255000E+01,9.77730300E+00
2.94657500E+01,9.67187200E+00
2.95060000E+01,9.53658900E+00
2.95327800E+01,9.41934500E+00
2.95595500E+01,9.26870500E+00
2.95863300E+01,9.07965400E+00
2.96131000E+01,8.94482000E+00
2.96466000E+01,1.00960100E+01
2.96802000E+01,1.12741500E+01
2.97068800E+01,1.09534900E+01
2.97335500E+01,1.06538100E+01
2.97602300E+01,1.04448100E+01
2.97869000E+01,1.02943200E+01
2.98402500E+01,1.00861400E+01
2.98936000E+01,9.93875500E+00
3.00003000E+01,9.71380100E+00
3.01070000E+01,9.51649500E+00
3.02137000E+01,9.31077500E+00
3.03204000E+01,9.06549100E+00
3.04271000E+01,8.72555100E+00
3.04804500E+01,8.49289100E+00
3.05338000E+01,8.29412800E+00
3.05915000E+01,8.95244300E+00
3.06493000E+01,9.26687300E+00
3.06945300E+01,8.83961600E+00
3.07397500E+01,8.32386400E+00
3.07849800E+01,7.68956600E+00
3.08075900E+01,7.36007700E+00
3.08481000E+01,8.30671800E+00
3.08839000E+01,1.44097000E+01
3.09246900E+01,1.33705900E+01
3.09475800E+01,1.23956400E+01
3.09704700E+01,1.17218900E+01
3.09933500E+01,1.12469900E+01
3.10162400E+01,1.08959100E+01
3.10391300E+01,1.06245700E+01
3.10849000E+01,1.02257600E+01
3.11306800E+01,9.93652800E+00
3.11764500E+01,9.70728700E+00
3.12680000E+01,9.33930500E+00
3.14090000E+01,8.85434900E+00
3.15500000E+01,8.33875900E+00
3.16910000E+01,7.65022700E+00
3.17615000E+01,7.16346500E+00
3.18320000E+01,6.49762700E+00
3.19009500E+01,5.56802600E+00
3.19354300E+01,4.98970600E+00
3.19699000E+01,4.46981800E+00
3.20037000E+01,4.62837600E+00
3.20375000E+01,7.23625600E+00
3.20592000E+01,1.07851300E+01
3.21050000E+01,2.26908600E+01
3.21275000E+01,2.21610000E+01
3.21524300E+01,1.93392400E+01
3.21773500E+01,1.71777800E+01
3.22271900E+01,1.45964800E+01
3.22770400E+01,1.31634600E+01
3.23268800E+01,1.22506900E+01
3.24265700E+01,1.11252100E+01
3.25262500E+01,1.04169600E+01
3.26259400E+01,9.88870800E+00
3.27256300E+01,9.44333200E+00
3.29250000E+01,8.61067700E+00
3.30167500E+01,8.19127200E+00
3.31085000E+01,7.70254400E+00
3.32002500E+01,7.08521300E+00
3.32920000E+01,6.22359900E+00
3.33397000E+01,5.61141000E+00
3.33874000E+01,4.86685400E+00
3.34351000E+01,4.38844300E+00
3.34828000E+01,1.09073500E+01
3.35285500E+01,4.44683500E+01
3.35770000E+01,2.35049000E+01
3.36102000E+01,1.76451500E+01
3.36580000E+01,1.43110100E+01
3.36898000E+01,1.30776700E+01
3.37293700E+01,1.18163500E+01
3.37689300E+01,1.09077600E+01
3.38480500E+01,9.63250900E+00
3.40063000E+01,7.74343900E+00
3.40854300E+01,6.73968000E+00
3.41645500E+01,5.46403000E+00
3.42041200E+01,4.65079100E+00
3.42436800E+01,3.74566700E+00
3.42832400E+01,3.39612100E+00
3.43228000E+01,1.09332600E+01
3.43682500E+01,4.48481800E+01
3.44021000E+01,2.88573400E+01
3.44208000E+01,2.32775200E+01
3.44582000E+01,1.73754700E+01
3.44956000E+01,1.44704600E+01
3.45330000E+01,1.27498700E+01
3.46250000E+01,1.02657100E+01
3.47170000E+01,8.71304900E+00
3.47681000E+01,8.37559600E+00
3.48724000E+01,1.08331900E+01
3.49245000E+01,1.12713700E+01
3.49766000E+01,8.94640900E+00
3.50179000E+01,6.76514400E+00
3.50488000E+01,5.67116100E+00
3.50797000E+01,5.95483500E+00
3.51261500E+01,1.45209300E+01
3.51716000E+01,3.77735200E+01
3.52021000E+01,4.36362800E+01
3.52469800E+01,3.80448100E+01
3.52829000E+01,3.29434300E+01
3.53308000E+01,2.80991700E+01
3.53787000E+01,2.48735300E+01
3.54266000E+01,2.26257900E+01
3.54547000E+01,2.16101800E+01
3.54828000E+01,2.07518100E+01
3.55478500E+01,1.91902300E+01
3.56129000E+01,1.80433400E+01
3.57430000E+01,1.64654500E+01
3.59025000E+01,1.52319500E+01
3.60620000E+01,1.43842400E+01
3.63800000E+01,1.32298500E+01
3.67385000E+01,1.24049000E+01
3.70970000E+01,1.17841600E+01
3.72500000E+01,1.15232500E+01
3.74030000E+01,1.13274600E+01
3.77885000E+01,1.08130200E+01
3.79812500E+01,1.05174700E+01
3.80776300E+01,1.03627100E+01
3.81740000E+01,1.02365000E+01
3.83340000E+01,1.04547200E+01
3.84940000E+01,1.04955600E+01
3.85691000E+01,1.02700400E+01
3.86442000E+01,1.00250800E+01
3.87944000E+01,9.49952300E+00
3.89446000E+01,8.82552600E+00
3.90197000E+01,8.35042800E+00
3.90572500E+01,8.03778200E+00
3.90948000E+01,7.64212900E+00
3.91285000E+01,7.44831900E+00
3.91622000E+01,7.43807600E+00
3.92089300E+01,6.88945500E+00
3.92556500E+01,6.26204900E+00
3.93023800E+01,6.01376100E+00
3.93491000E+01,9.00509500E+00
3.93988000E+01,2.89797500E+01
3.94485000E+01,3.19827200E+01
3.94887300E+01,2.45580000E+01
3.95289500E+01,2.01856400E+01
3.95691800E+01,1.76509800E+01
3.96094000E+01,1.60411500E+01
3.96898500E+01,1.41068700E+01
3.97703000E+01,1.29691600E+01
3.98849000E+01,1.25033200E+01
3.99422500E+01,1.27494800E+01
3.99996000E+01,1.26588900E+01
4.00877300E+01,1.21725600E+01
4.01758500E+01,1.16734500E+01
4.02639800E+01,1.11803900E+01
4.03080400E+01,1.09139600E+01
4.03521000E+01,1.06281300E+01
4.04034500E+01,1.03315500E+01
4.04548000E+01,1.03927600E+01
4.05061500E+01,1.10138500E+01
4.05575000E+01,1.14111100E+01
4.06319400E+01,1.13746200E+01
4.07063800E+01,1.11578700E+01
4.08552500E+01,1.07067600E+01
4.10041300E+01,1.02687100E+01
4.11530000E+01,9.84395000E+00
4.13000000E+01,9.80448300E+00
4.13980000E+01,9.79422200E+00
4.14470000E+01,9.63221000E+00
4.15350000E+01,9.63969800E+00
4.16035000E+01,9.75043300E+00
4.16720000E+01,9.21244600E+00
4.17126000E+01,8.57209900E+00
4.17532000E+01,7.68830000E+00
4.17938000E+01,6.70832900E+00
4.18478500E+01,1.72692100E+01
4.19044700E+01,2.58842500E+01
4.19529800E+01,1.80022100E+01
4.19853200E+01,1.58667200E+01
4.20176500E+01,1.45579700E+01
4.20823300E+01,1.29156700E+01
4.21146700E+01,1.22929000E+01
4.21470000E+01,1.17584200E+01
4.22030000E+01,1.20285100E+01
4.22590000E+01,1.31758000E+01
4.23116900E+01,1.27772500E+01
4.23643800E+01,1.23132300E+01
4.24697500E+01,1.15878600E+01
4.25224400E+01,1.12484000E+01
4.25751300E+01,1.08500000E+01
4.26278200E+01,1.02529300E+01
4.26805000E+01,9.55817000E+00
4.27353100E+01,1.38629300E+01
4.27843400E+01,1.23583100E+01
4.28431800E+01,1.16535700E+01
4.28824000E+01,1.13750200E+01
4.29608500E+01,1.09616500E+01
4.30393000E+01,1.06027600E+01
4.31177500E+01,1.02122700E+01
4.31962000E+01,9.68825800E+00
4.32354300E+01,9.31071700E+00
4.32942700E+01,8.42362800E+00
4.33531000E+01,7.84689200E+00
4.34108000E+01,1.73256500E+01
4.34690000E+01,1.37495000E+01
4.35142300E+01,1.25884800E+01
4.35594500E+01,1.19441100E+01
4.36499000E+01,1.11848200E+01
4.37403500E+01,1.06478700E+01
4.37855800E+01,1.03942000E+01
4.38308000E+01,1.01478500E+01
4.38760000E+01,9.99378000E+00
4.39392000E+01,1.05989700E+01
4.40477000E+01,1.13562200E+01
4.41065300E+01,1.10409700E+01
4.41653500E+01,1.07420100E+01
4.42830000E+01,1.02010100E+01
4.43451300E+01,9.89648200E+00
4.44072500E+01,9.53983300E+00
4.44693800E+01,9.11375700E+00
4.45315000E+01,8.88055400E+00
4.45994000E+01,1.14117200E+01
4.46460000E+01,1.30676000E+01
4.47006400E+01,1.26141900E+01
4.47339800E+01,1.22292500E+01
4.48006500E+01,1.17169300E+01
4.49340000E+01,1.14601200E+01
4.52210000E+01,1.14676700E+01
4.53526500E+01,1.11738900E+01
4.54843000E+01,1.08514800E+01
4.56159500E+01,1.04976500E+01
4.56817800E+01,1.02786500E+01
4.57476000E+01,1.00716800E+01
4.57979000E+01,1.06119300E+01
4.58482000E+01,1.11400500E+01
4.58972700E+01,1.08562200E+01
4.59463400E+01,1.06147500E+01
4.60444800E+01,1.02869600E+01
4.62407500E+01,9.78203400E+00
4.64370300E+01,9.17274100E+00
4.65351700E+01,8.70774100E+00
4.65842400E+01,8.39163800E+00
4.66333000E+01,8.01323200E+00
4.66789000E+01,7.71342900E+00
4.67245000E+01,7.91116200E+00
4.67588000E+01,8.58171100E+00
4.68156000E+01,9.38973500E+00
4.69000000E+01,9.49583800E+00
4.69417000E+01,9.85446400E+00
4.69830500E+01,1.10668000E+01
4.70413000E+01,1.34576000E+01
4.71072000E+01,1.31891100E+01
4.71570600E+01,1.23958000E+01
4.72069200E+01,1.17687100E+01
4.73066300E+01,1.09326100E+01
4.74063400E+01,1.03680800E+01
4.75060500E+01,9.89843500E+00
4.76057700E+01,9.42634600E+00
4.77054800E+01,8.84777000E+00
4.77553400E+01,8.45823300E+00
4.78051900E+01,7.93142300E+00
4.78550500E+01,7.17496400E+00
4.79049000E+01,6.59212800E+00
4.79447000E+01,1.07203200E+01
4.80107000E+01,1.29374800E+01
4.80369000E+01,1.20463700E+01
4.80893000E+01,1.08849100E+01
4.81417000E+01,1.02076700E+01
4.81941000E+01,9.84822300E+00
4.83131000E+01,1.10042400E+01
4.84320000E+01,1.16395400E+01
4.84677000E+01,1.12888200E+01
4.85498000E+01,1.03878400E+01
4.85908500E+01,9.87368100E+00
4.86319000E+01,9.29929200E+00
4.86703500E+01,8.71764200E+00
4.87088000E+01,8.23963300E+00
4.87699000E+01,1.03353700E+01
4.88311000E+01,1.31050800E+01
4.88671400E+01,1.27017700E+01
4.89031700E+01,1.21551200E+01
4.89752300E+01,1.12899100E+01
4.90472900E+01,1.06561000E+01
4.91193500E+01,1.01091100E+01
4.91914200E+01,9.54239200E+00
4.92634800E+01,8.82344000E+00
4.92995100E+01,8.32952300E+00
4.93535600E+01,7.26273100E+00
4.94206000E+01,1.16437000E+01
4.94764900E+01,1.85872900E+01
4.95271500E+01,1.40967000E+01
4.95947000E+01,1.21222400E+01
4.96622500E+01,1.12137100E+01
4.97298000E+01,1.06318000E+01
4.98649000E+01,9.75283000E+00
4.99324500E+01,9.29499500E+00
5.00000000E+01,8.67023900E+00
5.00649000E+01,7.75464300E+00
5.01232000E+01,1.07298400E+01
5.01825000E+01,9.57789200E+00
5.02418000E+01,8.72912200E+00
5.03011000E+01,7.88809100E+00
5.03604000E+01,6.83623900E+00
5.04201000E+01,8.07974300E+00
5.04872000E+01,1.48658700E+01
5.05255700E+01,1.32267100E+01
5.05639400E+01,1.19767000E+01
5.06023100E+01,1.11495300E+01
5.06406800E+01,1.05550800E+01
5.07174200E+01,9.69443200E+00
5.07941500E+01,9.00827900E+00
5.09476300E+01,7.65323100E+00
5.10243700E+01,6.89426000E+00
5.11011000E+01,6.41880300E+00
5.11893000E+01,8.99114600E+00
5.12136000E+01,1.02071100E+01
5.12775000E+01,1.34110300E+01
5.13397500E+01,1.92881800E+01
5.13818000E+01,1.91922100E+01
5.14359000E+01,1.68846600E+01
5.14900000E+01,1.48185100E+01
5.15441000E+01,1.30017700E+01
5.16176000E+01,1.36826100E+01
5.16807500E+01,1.39970600E+01
5.17245000E+01,1.29564000E+01
5.18120000E+01,1.18310700E+01
5.19870000E+01,1.07557800E+01
5.22180000E+01,1.26038600E+01
5.23340000E+01,1.43535100E+01
5.24500000E+01,1.44159400E+01
5.24800000E+01,1.42644600E+01
5.25805000E+01,1.36247100E+01
5.26810000E+01,1.29641300E+01
5.27346000E+01,1.26375200E+01
5.27827500E+01,1.24673500E+01
5.28309000E+01,1.22952500E+01
5.28820000E+01,1.20027600E+01
5.29272000E+01,1.17772600E+01
5.30336000E+01,1.13086300E+01
5.31400000E+01,1.08360800E+01
5.32464000E+01,1.02416600E+01
5.32996000E+01,9.84595700E+00
5.33528000E+01,9.47954200E+00
5.34167000E+01,1.08245100E+01
5.34806000E+01,1.25867200E+01
5.35215200E+01,1.22913400E+01
5.35624300E+01,1.19138500E+01
5.36442500E+01,1.13484900E+01
5.37260800E+01,1.09573100E+01
5.38079000E+01,1.06482500E+01
5.39715500E+01,1.01203200E+01
5.40533800E+01,9.86644200E+00
5.40942900E+01,9.75170800E+00
5.41612500E+01,9.81637500E+00
5.42394000E+01,9.97783900E+00
5.42806200E+01,9.68894100E+00
5.43218400E+01,9.45681900E+00
5.44042800E+01,9.07498300E+00
5.45691500E+01,8.29787300E+00
5.46515900E+01,7.80431400E+00
5.47340300E+01,7.15744800E+00
5.48164700E+01,6.22453500E+00
5.48576900E+01,5.59538900E+00
5.49259000E+01,5.07447300E+00
5.49529000E+01,6.36776500E+00
5.50068000E+01,8.47541200E+00
5.50804500E+01,2.04861800E+01
5.51560700E+01,2.78968100E+01
5.52066700E+01,1.86852400E+01
5.52741300E+01,1.41938200E+01
5.53415900E+01,1.21229700E+01
5.54090500E+01,1.08350600E+01
5.55439800E+01,9.05700800E+00
5.56114400E+01,8.36322400E+00
5.56789000E+01,7.92253300E+00
5.58151000E+01,1.01156700E+01
5.59512000E+01,1.08530400E+01
5.60303000E+01,1.10152400E+01
5.61049000E+01,1.24747400E+01
5.61762000E+01,1.09886500E+01
5.62475000E+01,9.37834000E+00
5.63188000E+01,8.14913500E+00
5.63901000E+01,9.48951900E+00
5.64664000E+01,2.85420300E+01
5.65426000E+01,3.71148000E+01
5.65883000E+01,3.06494000E+01
5.66340000E+01,2.58819200E+01
5.66797000E+01,2.27508800E+01
5.67254000E+01,2.06222100E+01
5.68168000E+01,1.79529700E+01
5.69082000E+01,1.63350700E+01
5.70910000E+01,1.43765600E+01
5.72738000E+01,1.30580500E+01
5.73934000E+01,1.22146500E+01
5.74531500E+01,1.17670800E+01
5.75129000E+01,1.13178100E+01
5.75499000E+01,1.10317900E+01
5.76159500E+01,1.05844000E+01
5.76820000E+01,1.05796100E+01
5.77480500E+01,1.10617400E+01
5.78141000E+01,1.11750100E+01
5.78659300E+01,1.09211800E+01
5.79177500E+01,1.05232200E+01
5.79954900E+01,1.05170900E+01
5.80735000E+01,2.18944000E+01
5.81538200E+01,1.98447400E+01
5.82104400E+01,1.65500200E+01
5.82387500E+01,1.55853300E+01
5.82953800E+01,1.42787800E+01
5.83520000E+01,1.33836200E+01
5.84652500E+01,1.20160400E+01
5.85218800E+01,1.14055600E+01
5.85785000E+01,1.10257700E+01
5.86651000E+01,1.38089000E+01
5.87084000E+01,1.63420000E+01
5.87517000E+01,1.67481000E+01
5.88070600E+01,1.59530100E+01
5.88624200E+01,1.51453600E+01
5.89177800E+01,1.45328700E+01
5.89731300E+01,1.40697800E+01
5.90838400E+01,1.34090300E+01
5.91945500E+01,1.29371100E+01
5.94159800E+01,1.22129900E+01
5.95266900E+01,1.18594800E+01
5.95820500E+01,1.16529200E+01
5.96374000E+01,1.14163500E+01
5.96926000E+01,1.14643700E+01
5.97478000E+01,1.18008800E+01
5.98093300E+01,1.15975700E+01
5.98708500E+01,1.13682700E+01
5.99939000E+01,1.10252600E+01
6.01737000E+01,1.18687600E+01
6.02636000E+01,1.32284500E+01
6.03535000E+01,1.34753200E+01
6.04399800E+01,1.30124300E+01
6.05264500E+01,1.24534800E+01
6.06129300E+01,1.18929800E+01
6.06994000E+01,1.13283000E+01
6.07949000E+01,1.16459900E+01
6.08427000E+01,1.26913100E+01
6.09060000E+01,1.27686900E+01
6.09567500E+01,1.22536600E+01
6.10075000E+01,1.16949400E+01
6.10750000E+01,1.19913500E+01
6.11424000E+01,1.33559700E+01
6.12187000E+01,1.30330300E+01
6.12950000E+01,1.26617800E+01
6.13852300E+01,1.23837300E+01
6.14754500E+01,1.22137100E+01
6.16559000E+01,1.20093400E+01
6.16840000E+01,1.19861900E+01
6.17812000E+01,1.19281600E+01
6.19066000E+01,1.18104700E+01
6.21689000E+01,1.15241300E+01
6.23000500E+01,1.14044400E+01
6.23656300E+01,1.13616600E+01
6.24312000E+01,1.13724400E+01
6.25217000E+01,1.15657600E+01
6.26121000E+01,1.14258500E+01
6.26440000E+01,1.13506100E+01
6.27252500E+01,1.12011000E+01
6.28065000E+01,1.10875000E+01
6.29690000E+01,1.08999000E+01
6.31230000E+01,1.07566300E+01
6.32940000E+01,1.06458300E+01
6.35140000E+01,1.06140200E+01
6.36430000E+01,1.07692700E+01
6.37142500E+01,1.08967700E+01
6.37810000E+01,1.09141000E+01
6.38765000E+01,1.08161800E+01
6.39720000E+01,1.05933800E+01
6.40675000E+01,1.01621500E+01
6.41152500E+01,9.79605600E+00
6.41919000E+01,8.70613600E+00
6.42785800E+01,9.60358400E+00
6.43642600E+01,1.79546100E+01
6.44574200E+01,1.39607400E+01
6.45039900E+01,1.33200500E+01
6.45971500E+01,1.26207000E+01
6.46903000E+01,1.22281000E+01
6.48223000E+01,1.18720100E+01
6.49543000E+01,1.16189000E+01
6.50000000E+01,1.15437000E+01
6.51852500E+01,1.12685600E+01
6.53705000E+01,1.09898800E+01
6.54631300E+01,1.08182200E+01
6.55557500E+01,1.05812600E+01
6.56483800E+01,1.01599000E+01
6.57410000E+01,9.36989200E+00
6.58327000E+01,1.26299800E+01
6.58927000E+01,1.18265600E+01
6.59726000E+01,1.13592000E+01
6.60356000E+01,1.11247500E+01
6.60986000E+01,1.09233900E+01
6.61616000E+01,1.07202500E+01
6.62246000E+01,1.04855500E+01
6.63040300E+01,1.00845800E+01
6.64000000E+01,1.16776500E+01
6.64826500E+01,1.23483500E+01
6.65749400E+01,1.16147200E+01
6.66210800E+01,1.14384100E+01
6.67133700E+01,1.12070900E+01
6.68056500E+01,1.10483500E+01
6.69902300E+01,1.07998100E+01
6.70825200E+01,1.06627700E+01
6.71748000E+01,1.04472800E+01
6.72577000E+01,1.09880300E+01
6.73333000E+01,1.08072900E+01
6.73716000E+01,1.07301400E+01
6.74481000E+01,1.06259300E+01
6.75610000E+01,1.05189000E+01
6.76739000E+01,1.04249300E+01
6.78997000E+01,1.02437000E+01
6.81255000E+01,1.00417300E+01
6.82384000E+01,9.91071900E+00
6.83230800E+01,9.76539800E+00
6.83875000E+01,9.79325500E+00
6.84821000E+01,9.77469900E+00
6.85406000E+01,9.65597100E+00
6.85923000E+01,9.83045200E+00
6.86735300E+01,9.88452100E+00
6.87621000E+01,9.63790300E+00
6.88802000E+01,9.35806300E+00
6.89392500E+01,9.20053600E+00
6.89983000E+01,9.01328900E+00
6.90573500E+01,8.78277500E+00
6.91164000E+01,8.51967400E+00
6.92137000E+01,8.78900000E+00
6.93110000E+01,1.01307300E+01
6.93647300E+01,1.00949600E+01
6.94184500E+01,9.91744200E+00
6.95259000E+01,9.55549900E+00
6.96122000E+01,9.34082300E+00
6.96985000E+01,9.13657500E+00
6.98417500E+01,8.62598500E+00
6.99850000E+01,8.01997800E+00
7.00670000E+01,7.57423900E+00
7.01550000E+01,6.97254000E+00
7.02513500E+01,6.28555300E+00
7.03420000E+01,8.73446400E+00
7.04115000E+01,1.42447600E+01
7.05000000E+01,1.32187800E+01
7.05777000E+01,1.18465600E+01
7.06738000E+01,1.12726000E+01
7.07819000E+01,1.49936200E+01
7.08900000E+01,1.63338700E+01
7.09720900E+01,1.47684000E+01
7.10541800E+01,1.36099000E+01
7.11362700E+01,1.28206500E+01
7.12183500E+01,1.22469200E+01
7.13825300E+01,1.14278200E+01
7.15467000E+01,1.08798600E+01
7.16654000E+01,1.10176800E+01
7.17841000E+01,1.08785200E+01
7.18459500E+01,1.05092400E+01
7.19078000E+01,1.01438200E+01
7.19696500E+01,9.77796700E+00
7.20315000E+01,9.38490900E+00
7.20933500E+01,8.93592200E+00
7.21552000E+01,8.41009400E+00
7.22170500E+01,7.85939900E+00
7.22789000E+01,7.81948400E+00
7.23663000E+01,1.32962600E+01
7.24537000E+01,1.63125900E+01
7.25273300E+01,1.48685400E+01
7.26009500E+01,1.37186400E+01
7.26745800E+01,1.29481700E+01
7.27482000E+01,1.24149200E+01
7.29251000E+01,1.18316600E+01
7.31020000E+01,1.15610500E+01
7.32637200E+01,1.11477000E+01
7.34254300E+01,1.07727400E+01
7.37488500E+01,1.00396100E+01
7.39105700E+01,9.58596300E+00
7.40722800E+01,8.95418000E+00
7.41531400E+01,8.50318400E+00
7.42339900E+01,7.88263400E+00
7.43148500E+01,6.97234600E+00
7.43957000E+01,5.63759900E+00
7.45021900E+01,7.05683400E+00
7.46027000E+01,2.00556500E+01
7.47020300E+01,1.49678200E+01
7.48013500E+01,1.31673400E+01
7.49006800E+01,1.21460500E+01
7.50000000E+01,1.13671100E+01
7.50775000E+01,1.08483900E+01
7.51427000E+01,1.12851100E+01
7.52078000E+01,1.18548700E+01
7.52971000E+01,1.13551700E+01
7.53864000E+01,1.11447000E+01
7.55603000E+01,1.28884300E+01
7.57342000E+01,1.36218400E+01
7.58445000E+01,1.29843300E+01
7.59548000E+01,1.24480700E+01
7.60651000E+01,1.20446000E+01
7.61754000E+01,1.17290800E+01
7.62857000E+01,1.14662000E+01
7.63960000E+01,1.12308100E+01
7.65063000E+01,1.09999800E+01
7.66166000E+01,1.07504600E+01
7.66829000E+01,1.07429700E+01
7.67802300E+01,1.08145100E+01
7.68784000E+01,1.07506100E+01
7.69591500E+01,1.05888300E+01
7.70399000E+01,1.03995100E+01
7.71085000E+01,1.02210500E+01
7.71772000E+01,1.00151900E+01
7.72538300E+01,9.72893700E+00
7.73304500E+01,9.34185400E+00
7.74186000E+01,8.85615700E+00
7.75299000E+01,1.16591700E+01
7.76223800E+01,1.16209100E+01
7.77331300E+01,1.07613600E+01
7.78438800E+01,1.00409200E+01
7.79546300E+01,9.17861000E+00
7.80100000E+01,8.84983400E+00
7.81208500E+01,1.32625300E+01
7.82073300E+01,1.31364200E+01
7.83063800E+01,1.20836900E+01
7.83559000E+01,1.16976700E+01
7.84231000E+01,1.14792200E+01
7.84903000E+01,1.15892500E+01
7.85613000E+01,1.14137900E+01
7.86323000E+01,1.12258400E+01
7.87743000E+01,1.09265100E+01
7.90583000E+01,1.04621400E+01
7.92003000E+01,1.02284400E+01
7.93423000E+01,9.93967400E+00
7.94133000E+01,9.74456400E+00
7.95198000E+01,9.29360900E+00
7.96263000E+01,8.67252000E+00
7.97222000E+01,1.24417100E+01
7.98273400E+01,1.11091900E+01
7.99324700E+01,1.04890900E+01
8.00025500E+01,1.02139800E+01
8.00726400E+01,9.96928200E+00
8.01427300E+01,9.72555400E+00
8.02128200E+01,9.48033600E+00
8.02829000E+01,9.36721900E+00
8.03727000E+01,1.08023300E+01
8.04625000E+01,1.18487600E+01
8.05636000E+01,1.10497900E+01
8.06647000E+01,1.04285800E+01
8.07469000E+01,9.97692100E+00
8.08462000E+01,1.04916000E+01
8.09073900E+01,1.02819600E+01
8.09685800E+01,1.00474000E+01
8.10909500E+01,9.61167700E+00
8.12133300E+01,9.09097300E+00
8.12745200E+01,8.75770700E+00
8.13357000E+01,8.47268200E+00
8.14173000E+01,1.00544800E+01
8.14989000E+01,1.25071900E+01
8.16085500E+01,1.14303700E+01
8.17182000E+01,1.07165500E+01
8.18278500E+01,1.02706600E+01
8.19375000E+01,9.92485600E+00
8.21568000E+01,9.26317900E+00
8.22664500E+01,8.83308700E+00
8.23761000E+01,8.21165200E+00
8.24760000E+01,8.04870800E+00
8.25881800E+01,6.18471600E+00
8.26958000E+01,1.37577400E+01
8.27959000E+01,1.03831300E+01
8.28975000E+01,1.15657100E+01
8.30148000E+01,1.05043200E+01
8.30930000E+01,1.00028700E+01
8.31712000E+01,9.56748300E+00
8.32494000E+01,9.13123400E+00
8.33276000E+01,8.62250000E+00
8.34449000E+01,7.37884000E+00
8.35592500E+01,1.22857200E+01
8.36487000E+01,1.08131300E+01
8.37178000E+01,9.80317200E+00
8.38560000E+01,9.00774900E+00
8.38918000E+01,8.96171100E+00
8.40027000E+01,9.23532200E+00
8.41136000E+01,1.01800600E+01
8.42270000E+01,1.16372200E+01
8.43354000E+01,1.24642000E+01
8.44863000E+01,1.30575000E+01
8.45754000E+01,1.31227800E+01
8.46645000E+01,1.16673000E+01
8.47667300E+01,1.12875100E+01
8.48304000E+01,1.12230000E+01
8.49154000E+01,1.13483600E+01
8.50000000E+01,1.17681100E+01
8.50530000E+01,1.19970100E+01
8.52070000E+01,1.21964700E+01
8.53610000E+01,1.19214100E+01
8.56570000E+01,1.16994600E+01
8.59520000E+01,1.14105000E+01
8.61427000E+01,1.10126900E+01
8.63334000E+01,1.06166300E+01
8.65241000E+01,1.01570400E+01
8.66194500E+01,9.82882100E+00
8.67148000E+01,9.40621300E+00
8.68325000E+01,1.06472500E+01
8.69412500E+01,1.07318800E+01
8.70108000E+01,1.05011400E+01
8.71499000E+01,1.01243300E+01
8.72890000E+01,9.80614500E+00
8.74281000E+01,9.55316100E+00
8.75879000E+01,9.88745500E+00
8.77477000E+01,1.01265200E+01
8.78437000E+01,9.88100100E+00
8.79397000E+01,9.60898000E+00
8.80357000E+01,9.33493800E+00
8.81317000E+01,9.04492400E+00
8.81977000E+01,8.90408900E+00
8.82637000E+01,8.80985000E+00
8.83647000E+01,8.53246800E+00
8.84657000E+01,8.33343700E+00
8.86240000E+01,8.82597100E+00
8.86979000E+01,9.59101000E+00
8.87584000E+01,1.02435600E+01
8.88928000E+01,1.11762900E+01
8.90060000E+01,1.08999000E+01
8.90819000E+01,1.06494500E+01
8.91473000E+01,1.10029100E+01
8.92673700E+01,1.05729700E+01
8.93221300E+01,1.02206600E+01
8.94316500E+01,9.65621900E+00
8.95411800E+01,9.12056200E+00
8.96507000E+01,8.51800500E+00
8.97162000E+01,8.20729500E+00
8.98308000E+01,9.66400400E+00
8.99422000E+01,8.80820800E+00
9.00560000E+01,7.55509500E+00
9.01512000E+01,6.31747000E+00
9.02730300E+01,5.45516000E+00
9.03889500E+01,9.23647500E+01
9.05012700E+01,2.22468900E+01
9.06271500E+01,1.50668700E+01
9.07110800E+01,1.32803500E+01
9.07950000E+01,1.21401700E+01
9.09403000E+01,1.07789500E+01
9.10856000E+01,9.96243400E+00
9.12525000E+01,1.20055800E+01
9.13359500E+01,1.38642200E+01
9.14194000E+01,1.40661700E+01
9.15607800E+01,1.29805500E+01
9.17021500E+01,1.19107400E+01
9.18435300E+01,1.08751500E+01
9.19495600E+01,9.81704300E+00
9.20790000E+01,1.26864000E+01
9.21550500E+01,1.14684900E+01
9.22311000E+01,1.05395300E+01
9.23511000E+01,9.26818500E+00
9.24710000E+01,7.67866800E+00
9.25965500E+01,2.79056700E+01
9.27144200E+01,1.63747600E+01
9.28123300E+01,1.37752300E+01
9.28776000E+01,1.29160900E+01
9.30081500E+01,1.18240800E+01
9.31387000E+01,1.10909400E+01
9.32645500E+01,1.16750100E+01
9.33772000E+01,1.13008900E+01
9.35081300E+01,1.05924000E+01
9.36232100E+01,9.92610000E+00
9.37574800E+01,8.94147300E+00
9.38917400E+01,7.26548800E+00
9.40260000E+01,8.56752500E+00
9.41624800E+01,2.55158500E+01
9.42911600E+01,1.60787100E+01
9.44026000E+01,1.38752300E+01
9.45103500E+01,1.27561100E+01
9.46318500E+01,1.16480300E+01
9.47372000E+01,1.22818000E+01
9.48373300E+01,1.30456500E+01
9.49481800E+01,1.21821200E+01
9.50036000E+01,1.19135600E+01
9.51144500E+01,1.14901600E+01
9.52253000E+01,1.11480300E+01
9.53402000E+01,1.10726400E+01
9.54257500E+01,1.09854000E+01
9.55113000E+01,1.11457400E+01
9.56312500E+01,1.15576400E+01
9.57512000E+01,1.16469400E+01
9.58987500E+01,1.14474100E+01
9.60463000E+01,1.12568200E+01
9.61656500E+01,1.12487700E+01
9.62927000E+01,1.10179300E+01
9.63482000E+01,1.11053000E+01
9.64383000E+01,1.12517900E+01
9.65789000E+01,1.15291700E+01
9.66415000E+01,1.15776500E+01
9.67195000E+01,1.14739000E+01
9.68749900E+01,1.11743400E+01
9.70304800E+01,1.09030700E+01
9.71859700E+01,1.06385700E+01
9.73414500E+01,1.03535200E+01
9.74969400E+01,1.00127600E+01
9.76524300E+01,9.55429100E+00
9.77301800E+01,9.24568400E+00
9.78079200E+01,8.85541600E+00
9.78856600E+01,8.37381300E+00
9.80032000E+01,8.02129900E+00
9.81157500E+01,1.35099200E+01
9.82071000E+01,1.43646300E+01
9.83244500E+01,1.33287700E+01
9.84418000E+01,1.25242200E+01
9.85591500E+01,1.19961400E+01
9.86765000E+01,1.16197100E+01
9.88273000E+01,1.13037400E+01
9.89782000E+01,1.10998000E+01
9.90701000E+01,1.09194100E+01
9.92079500E+01,1.06052900E+01
9.93458000E+01,1.01843300E+01
9.94720000E+01,1.01426300E+01
9.95982000E+01,1.05998600E+01
9.96774500E+01,1.05880000E+01
9.97567000E+01,1.04979700E+01
9.99152000E+01,1.02477500E+01
1.00000000E+02,1.00756300E+01
1.00121000E+02,9.68490500E+00
1.00259000E+02,8.48127300E+00
1.00373000E+02,1.14962800E+01
1.00515500E+02,1.04925900E+01
1.00658000E+02,9.95379400E+00
1.00800500E+02,9.26054900E+00
1.00943000E+02,7.68391300E+00
1.01068000E+02,1.28712100E+01
1.01208300E+02,1.10423600E+01
1.01348500E+02,1.04539100E+01
1.01442000E+02,1.01824100E+01
1.01521800E+02,9.96511700E+00
1.01601500E+02,9.72819400E+00
1.01721200E+02,9.23987500E+00
1.01815000E+02,1.00090100E+01
1.01920000E+02,1.04260400E+01
1.02046000E+02,9.84873700E+00
1.02122000E+02,9.61296800E+00
1.02270000E+02,9.20144400E+00
1.02344500E+02,8.97751200E+00
1.02419000E+02,8.71750700E+00
1.02560000E+02,8.07870800E+00
1.02686500E+02,7.16207500E+00
1.02813000E+02,6.21422100E+00
1.02926000E+02,1.67976900E+01
1.03039000E+02,1.44250900E+01
1.03140000E+02,1.20096000E+01
1.03225000E+02,1.07270400E+01
1.03310000E+02,9.52108200E+00
1.03446000E+02,6.76692000E+00
1.03583000E+02,1.71493000E+01
1.03692800E+02,1.36375000E+01
1.03802500E+02,1.23553000E+01
1.03912300E+02,1.16459400E+01
1.04022000E+02,1.11773100E+01
1.04144000E+02,1.10516400E+01
1.04266000E+02,1.09758000E+01
1.04382000E+02,1.05874700E+01
1.04498000E+02,1.02158300E+01
1.04614000E+02,9.84220600E+00
1.04730000E+02,9.41719400E+00
1.04879000E+02,8.69735500E+00
1.05028000E+02,7.94704000E+00
1.05140000E+02,1.05857200E+01
1.05252000E+02,1.36537800E+01
1.05388500E+02,1.24248600E+01
1.05525000E+02,1.13918700E+01
1.05661000E+02,1.12026900E+01
1.05810300E+02,1.04426600E+01
1.05930700E+02,9.78347800E+00
1.06084000E+02,1.00609200E+01
1.06235700E+02,1.14517400E+01
1.06288300E+02,1.10722100E+01
1.06393500E+02,1.05767900E+01
1.06604000E+02,9.95956300E+00
1.06872000E+02,9.36802200E+00
1.07141000E+02,8.31613800E+00
1.07253900E+02,7.57478700E+00
1.07366700E+02,6.53609900E+00
1.07507700E+02,5.66432500E+00
1.07651100E+02,8.99267100E+01
1.07786900E+02,2.16378700E+01
1.07922600E+02,1.52446600E+01
1.08052000E+02,1.45171400E+01
1.08169900E+02,1.36324500E+01
1.08249800E+02,1.28182100E+01
1.08409500E+02,1.17999000E+01
1.08569300E+02,1.09554400E+01
1.08689100E+02,1.01273500E+01
1.08843600E+02,8.43659100E+00
1.08977800E+02,1.39003400E+01
1.09124000E+02,1.18288000E+01
1.09203000E+02,1.13403300E+01
1.09361000E+02,1.06022700E+01
1.09468500E+02,1.00899800E+01
1.09576000E+02,9.40190300E+00
1.09710400E+02,7.58281900E+00
1.09860200E+02,2.02886700E+01
1.09977000E+02,1.33481200E+01
1.10071000E+02,1.29496200E+01
1.10258000E+02,1.28878900E+01
1.10367000E+02,1.24080700E+01
1.10450000E+02,1.20764300E+01
1.10533000E+02,1.17933800E+01
1.10699000E+02,1.13767800E+01
1.10854000E+02,1.10626300E+01
1.11009000E+02,1.07610300E+01
1.11150000E+02,1.05313700E+01
1.11290000E+02,1.02801400E+01
1.11445500E+02,9.60579900E+00
1.11601000E+02,8.38594000E+00
1.11762900E+02,1.30372100E+01
1.11896700E+02,1.16866900E+01
1.11963600E+02,1.13729100E+01
1.12097400E+02,1.09607900E+01
1.12231200E+02,1.06632500E+01
1.12365000E+02,1.03931100E+01
1.12498800E+02,1.00849900E+01
1.12632600E+02,9.58012000E+00
1.12792700E+02,1.07277400E+01
1.12924800E+02,1.09027900E+01
1.13030500E+02,1.02872700E+01
1.13101000E+02,1.00085700E+01
1.13242000E+02,9.46496400E+00
1.13383000E+02,8.91320000E+00
1.13497000E+02,1.03215100E+01
1.13630000E+02,1.23449800E+01
1.13739300E+02,1.17255500E+01
1.13848500E+02,1.12295000E+01
1.13957800E+02,1.08847300E+01
1.14067000E+02,1.06226500E+01
1.14238000E+02,1.03054300E+01
1.14408000E+02,1.00586200E+01
1.14580000E+02,9.78587700E+00
1.14694500E+02,9.57916600E+00
1.14809000E+02,9.32140800E+00
1.14952200E+02,8.75681200E+00
1.15112000E+02,1.11887600E+01
1.15268800E+02,9.60299900E+00
1.15425500E+02,8.97757000E+00
1.15530000E+02,8.58262300E+00
1.15656500E+02,8.04978500E+00
1.15783000E+02,7.93695100E+00
1.15930000E+02,1.20629700E+01
1.16076000E+02,1.21516100E+01
1.16207000E+02,1.20420200E+01
1.16344500E+02,1.15199400E+01
1.16482000E+02,1.10365900E+01
1.16571000E+02,1.07628600E+01
1.16660000E+02,1.05198900E+01
1.16825000E+02,1.01857600E+01
1.16990000E+02,9.89123200E+00
1.17315000E+02,9.33827200E+00
1.17640000E+02,8.74973200E+00
1.17818000E+02,8.36922500E+00
1.18028000E+02,8.39307800E+00
1.18128000E+02,9.01919000E+00
1.18237000E+02,9.39152600E+00
1.18364000E+02,9.33905600E+00
1.18514500E+02,8.21935900E+00
1.18684500E+02,1.81529800E+01
1.18852000E+02,1.33733700E+01
1.19011000E+02,1.22783100E+01
1.19170000E+02,1.16158800E+01
1.19488000E+02,1.08144900E+01
1.19797000E+02,1.04150900E+01
1.20106000E+02,1.00310100E+01
1.20240000E+02,9.85076800E+00
1.20403000E+02,9.67414700E+00
1.20464000E+02,9.63950000E+00
1.20593400E+02,9.42881400E+00
1.20722800E+02,9.21373800E+00
1.20852200E+02,8.93425300E+00
1.21016000E+02,8.47990200E+00
1.21147900E+02,8.71733500E+00
1.21245300E+02,8.36682600E+00
1.21440200E+02,7.55471500E+00
1.21537700E+02,7.01139300E+00
1.21635100E+02,6.35500600E+00
1.21781300E+02,6.16813000E+00
1.21922000E+02,3.03568400E+01
1.22054200E+02,2.41302100E+01
1.22216500E+02,1.60484000E+01
1.22324800E+02,1.40797000E+01
1.22433000E+02,1.29071400E+01
1.22541300E+02,1.20814300E+01
1.22703700E+02,1.10207900E+01
1.22876800E+02,9.64437200E+00
1.23017400E+02,1.16500700E+01
1.23125600E+02,1.09128900E+01
1.23287900E+02,1.01612900E+01
1.23449000E+02,1.00599600E+01
1.23606500E+02,1.01807500E+01
1.23755000E+02,9.98837000E+00
1.23957000E+02,9.71663700E+00
1.24208500E+02,9.10252400E+00
1.24334300E+02,8.69178600E+00
1.24460000E+02,8.09292300E+00
1.24640000E+02,6.44624300E+00
1.24817500E+02,1.15436700E+01
1.24933300E+02,9.88925300E+00
1.25071800E+02,8.75504200E+00
1.25234000E+02,8.41096200E+00
1.25382000E+02,7.00503300E+00
1.25557800E+02,2.06592600E+01
1.25734000E+02,1.00802100E+01
1.25878000E+02,1.15078700E+01
1.26070000E+02,1.30869800E+01
1.26186500E+02,1.21139900E+01
1.26303000E+02,1.15292600E+01
1.26444000E+02,1.45110700E+01
1.26586000E+02,1.56947100E+01
1.26726900E+02,1.41530900E+01
1.26867800E+02,1.30809800E+01
1.27008700E+02,1.23585500E+01
1.27149500E+02,1.18160800E+01
1.27431300E+02,1.09344500E+01
1.27572200E+02,1.04564100E+01
1.27746300E+02,1.12134100E+01
1.27894800E+02,1.00967000E+01
1.28076000E+02,9.85038300E+00
1.28245000E+02,1.29919400E+01
1.28396500E+02,1.19089400E+01
1.28548000E+02,1.12141700E+01
1.28699500E+02,1.07546000E+01
1.28851000E+02,1.03845300E+01
1.29002500E+02,1.00346300E+01
1.29154000E+02,9.64851500E+00
1.29305500E+02,9.13436600E+00
1.29457000E+02,8.48614700E+00
1.29614000E+02,9.96096000E+00
1.29778400E+02,7.96589100E+00
1.29964500E+02,1.73074400E+01
1.30136700E+02,1.15245000E+01
1.30205500E+02,1.09743900E+01
1.30343300E+02,1.02862500E+01
1.30481000E+02,9.79750300E+00
1.30618800E+02,9.35898200E+00
1.30756500E+02,8.90050200E+00
1.30894300E+02,8.37266700E+00
1.31032000E+02,7.86308300E+00
1.31171000E+02,8.90806900E+00
1.31310000E+02,1.05384300E+01
1.31384000E+02,1.03136900E+01
1.31661000E+02,9.98773300E+00
1.31828000E+02,9.56312600E+00
1.31995000E+02,9.06358100E+00
1.32183300E+02,9.83299200E+00
1.32352500E+02,1.05038100E+01
1.32507500E+02,8.49319700E+00
1.32699000E+02,1.26217200E+01
1.32802000E+02,1.05474200E+01
1.32905000E+02,9.47161500E+00
1.33039000E+02,9.73257100E+00
1.33173000E+02,9.50721600E+00
1.33270800E+02,8.43845600E+00
1.33417500E+02,6.52177300E+00
1.33605300E+02,5.33032200E+01
1.33769200E+02,2.00492600E+01
1.33953300E+02,1.37158900E+01
1.34137300E+02,1.16798600E+01
1.34382700E+02,1.00837300E+01
1.34505400E+02,9.38393600E+00
1.34628000E+02,8.66423100E+00
1.34757500E+02,7.90731500E+00
1.34887000E+02,7.48142500E+00
1.34960000E+02,7.72005500E+00
1.35146000E+02,1.16273500E+01
1.35321300E+02,1.20610700E+01
1.35442000E+02,1.48414300E+01
1.35618000E+02,1.53211200E+01
1.35805000E+02,1.30207400E+01
1.35916000E+02,1.17609700E+01
1.36078200E+02,9.51889700E+00
1.36272600E+02,2.83277800E+01
1.36459000E+02,1.70769600E+01
1.36604500E+02,1.42949600E+01
1.36750000E+02,1.29954100E+01
1.36895500E+02,1.20819500E+01
1.37041000E+02,1.12306200E+01
1.37186500E+02,1.01801400E+01
1.37368400E+02,7.57055200E+00
1.37561600E+02,3.35424000E+01
1.37732600E+02,1.62743600E+01
1.37928000E+02,1.38126700E+01
1.38107300E+02,1.28557900E+01
1.38167000E+02,1.26249400E+01
1.38406000E+02,1.19900100E+01
1.38576000E+02,1.16534200E+01
1.38746000E+02,1.13091000E+01
1.38916000E+02,1.08445100E+01
1.39085900E+02,9.71261000E+00
1.39255500E+02,1.18113400E+01
1.39434300E+02,1.10906000E+01
1.39523600E+02,1.08702300E+01
1.39702300E+02,1.04659300E+01
1.39881000E+02,1.00623700E+01
1.40096000E+02,1.02144900E+01
1.40296100E+02,1.00234600E+01
1.40446000E+02,1.12759000E+01
1.40584000E+02,1.08071700E+01
1.40716900E+02,1.05117100E+01
1.40849800E+02,1.02457000E+01
1.41115500E+02,9.67874700E+00
1.41381300E+02,8.87346700E+00
1.41580600E+02,7.76664400E+00
1.41761000E+02,5.99769600E+00
1.41966500E+02,8.49832300E+00
1.42162000E+02,2.86233800E+01
1.42337000E+02,1.62794400E+01
1.42512000E+02,1.36010900E+01
1.42687000E+02,1.28964700E+01
1.42774000E+02,1.23763400E+01
1.42905000E+02,1.20116300E+01
1.43036000E+02,1.17811300E+01
1.43360000E+02,1.12715500E+01
1.43522000E+02,1.10626000E+01
1.43684000E+02,1.09194600E+01
1.43833000E+02,1.06093800E+01
1.43940000E+02,1.04653300E+01
1.44047000E+02,1.03375900E+01
1.44261000E+02,1.00677300E+01
1.44689000E+02,9.38414700E+00
1.44835000E+02,9.05475600E+00
1.44991500E+02,8.59333100E+00
1.45148000E+02,7.93769800E+00
1.45304500E+02,6.99038100E+00
1.45504000E+02,1.15294700E+01
1.45699000E+02,1.57603500E+01
1.45882600E+02,1.69334400E+01
1.46078500E+02,1.31956100E+01
1.46209100E+02,1.22923200E+01
1.46339700E+02,1.16875600E+01
1.46600900E+02,1.08029400E+01
1.46862000E+02,9.94098800E+00
1.47049000E+02,8.94931300E+00
1.47259400E+02,7.86778800E+00
1.47460900E+02,1.62660300E+01
1.47635900E+02,1.27160400E+01
1.47723400E+02,1.20597900E+01
1.47898400E+02,1.12605400E+01
1.48098800E+02,1.06376500E+01
1.48253700E+02,1.02122700E+01
1.48457000E+02,9.54121100E+00
1.48605000E+02,8.91932100E+00
1.48812500E+02,7.85460100E+00
1.48963500E+02,1.01932400E+01
1.49106000E+02,1.21969600E+01
1.49269000E+02,1.41982200E+01
1.49432000E+02,1.31086000E+01
1.49625500E+02,1.13193300E+01
1.49784000E+02,1.03675700E+01
1.50000000E+02,1.31687400E+01
1.50217300E+02,1.20197500E+01
1.50420500E+02,1.20531200E+01
1.50580100E+02,1.17640500E+01
1.50706700E+02,1.12983800E+01
1.50896700E+02,1.08300400E+01
1.51087000E+02,1.09620200E+01
1.51208300E+02,1.05366700E+01
1.51390200E+02,9.97163000E+00
1.51596200E+02,8.07851700E+00
1.51789000E+02,1.16655500E+01
1.51975000E+02,1.06285400E+01
1.52180000E+02,1.01501900E+01
1.52378000E+02,9.83788300E+00
1.52554500E+02,9.49802400E+00
1.52731000E+02,9.08990800E+00
1.52870000E+02,8.66334100E+00
1.53092000E+02,7.48394600E+00
1.53297000E+02,5.52918200E+00
1.53490100E+02,2.30743300E+01
1.53628300E+02,1.50049300E+01
1.53812600E+02,1.24172700E+01
1.53996900E+02,1.13332700E+01
1.54206900E+02,1.04887900E+01
1.54417700E+02,9.98364100E+00
1.54597800E+02,8.94299300E+00
1.54805100E+02,1.21965600E+01
1.54988600E+02,1.05947500E+01
1.55148000E+02,9.51518700E+00
1.55289000E+02,9.33900800E+00
1.55499300E+02,7.77008800E+00
1.55708400E+02,1.19422700E+01
1.55874300E+02,9.91114600E+00
1.56073500E+02,7.65928100E+00
1.56267700E+02,1.32010200E+01
1.56478500E+02,9.52661700E+00
1.56689400E+02,6.59156700E+00
1.56906800E+02,1.93781400E+01
1.57129400E+02,1.26941400E+01
1.57352000E+02,1.04813500E+01
1.57569600E+02,1.25062400E+01
1.57752900E+02,1.11661000E+01
1.57845800E+02,1.08143400E+01
1.58031500E+02,1.02283300E+01
1.58217300E+02,9.63945500E+00
1.58421000E+02,9.22110600E+00
1.58612000E+02,1.09921500E+01
1.58737000E+02,1.05209400E+01
1.58862000E+02,1.02454800E+01
1.59091000E+02,1.04255100E+01
1.59320000E+02,1.08204000E+01
1.59549000E+02,1.05835600E+01
1.59778000E+02,9.61156000E+00
1.60007600E+02,1.12887500E+01
1.60238300E+02,9.68046400E+00
1.60443400E+02,8.71471400E+00
1.60648500E+02,7.29014800E+00
1.60867700E+02,1.13173900E+01
1.61089900E+02,2.32997300E+01
1.61241300E+02,1.58702200E+01
1.61461800E+02,1.30643800E+01
1.61682000E+02,1.18594100E+01
1.61872000E+02,1.12420400E+01
1.61952000E+02,1.10465500E+01
1.62112500E+02,1.06758200E+01
1.62273000E+02,1.04072900E+01
1.62546000E+02,1.07422100E+01
1.62699000E+02,1.08598600E+01
1.62819000E+02,1.06267300E+01
1.62997300E+02,1.00758500E+01
1.63175500E+02,9.38196700E+00
1.63353800E+02,8.39931400E+00
1.63578500E+02,1.01415400E+01
1.63777400E+02,1.68826900E+01
1.63952400E+02,1.35641500E+01
1.64185800E+02,1.19753900E+01
1.64419200E+02,1.11702700E+01
1.64652500E+02,1.05813400E+01
1.64885900E+02,1.00187100E+01
1.65119200E+02,9.32143000E+00
1.65352600E+02,8.08584400E+00
1.65585900E+02,6.00754000E+00
1.65783300E+02,1.51235800E+01
1.65984000E+02,1.11287800E+01
1.66131000E+02,1.04239900E+01
1.66259000E+02,1.17533200E+01
1.66440000E+02,1.27395600E+01
1.66657300E+02,1.18754800E+01
1.66874500E+02,1.11815500E+01
1.67091800E+02,1.06303100E+01
1.67309000E+02,1.00831100E+01
1.67515500E+02,9.48621600E+00
1.67606000E+02,9.21939200E+00
1.67787000E+02,8.79098200E+00
1.67984000E+02,1.08177300E+01
1.68182000E+02,1.30213700E+01
1.68418300E+02,1.16256600E+01
1.68656000E+02,1.17913100E+01
1.68893100E+02,1.08479100E+01
1.69019400E+02,1.04110900E+01
1.69208900E+02,9.76137700E+00
1.69433000E+02,1.31696700E+01
1.69619100E+02,1.24559400E+01
1.69827100E+02,1.14438500E+01
1.70035200E+02,1.07766200E+01
1.70243200E+02,9.84402000E+00
1.70485200E+02,1.25333200E+01
1.70706700E+02,1.10961000E+01
1.70940000E+02,1.05748500E+01
1.71121000E+02,1.02801100E+01
1.71357000E+02,9.79033200E+00
1.71580500E+02,8.85870300E+00
1.71818000E+02,1.26821000E+01
1.72042000E+02,1.07954300E+01
1.72170000E+02,1.04384400E+01
1.72376000E+02,1.01271600E+01
1.72547500E+02,9.89762600E+00
1.72641000E+02,9.75911200E+00
1.72828000E+02,9.49012300E+00
1.72983000E+02,9.31391400E+00
1.73137000E+02,9.23189800E+00
1.73346700E+02,8.93127000E+00
1.73556300E+02,8.50338300E+00
1.73765900E+02,7.79639900E+00
1.73975500E+02,6.58008100E+00
1.74226100E+02,9.14611500E+00
1.74376000E+02,8.47281300E+00
1.74613500E+02,1.30596000E+01
1.74831000E+02,1.11623500E+01
1.75073200E+02,1.31329500E+01
1.75299200E+02,1.08818100E+01
1.75489000E+02,9.83837500E+00
1.75733500E+02,9.29448900E+00
1.75912000E+02,8.73277000E+00
1.76130500E+02,8.32892300E+00
1.76270000E+02,8.01980400E+00
1.76553000E+02,8.72316400E+00
1.76836000E+02,9.00759300E+00
1.76991000E+02,7.98073300E+00
1.77223500E+02,5.62814100E+00
1.77456000E+02,7.08708800E+00
1.77675000E+02,2.89767000E+01
1.77852000E+02,1.78546700E+01
1.78087900E+02,1.34663400E+01
1.78323800E+02,1.07751400E+01
1.78573900E+02,2.27176800E+01
1.78816500E+02,1.45742900E+01
1.79016600E+02,1.21362900E+01
1.79266900E+02,9.68915700E+00
1.79521600E+02,1.66091400E+01
1.79727500E+02,1.18129300E+01
1.79910500E+02,1.03658500E+01
1.80139300E+02,8.14576800E+00
1.80397000E+02,2.36867700E+01
1.80582500E+02,1.56312500E+01
1.80768000E+02,1.33594000E+01
1.80953500E+02,1.21328500E+01
1.81139000E+02,1.10119600E+01
1.81355500E+02,1.21314500E+01
1.81498000E+02,1.14615700E+01
1.81724700E+02,1.07347000E+01
1.81918000E+02,1.07376600E+01
1.82168700E+02,9.46378100E+00
1.82401200E+02,1.70905000E+01
1.82606800E+02,1.35872600E+01
1.82853500E+02,1.23557000E+01
1.83018000E+02,1.18732200E+01
1.83220000E+02,1.17835800E+01
1.83423000E+02,1.18954200E+01
1.83577300E+02,1.16215200E+01
1.83808800E+02,1.09971800E+01
1.84063600E+02,1.40986500E+01
1.84319000E+02,1.19297100E+01
1.84551000E+02,1.13990900E+01
1.84813000E+02,1.10438900E+01
1.85020700E+02,1.08211500E+01
1.85228400E+02,1.05798300E+01
1.85488100E+02,1.00464600E+01
1.85752000E+02,1.18518300E+01
1.85954700E+02,1.07324800E+01
1.86197900E+02,1.03076300E+01
1.86360000E+02,1.01011800E+01
1.86669000E+02,1.01871600E+01
1.86978000E+02,1.05524900E+01
1.87208000E+02,1.03918400E+01
1.87438000E+02,1.01228100E+01
1.87705100E+02,1.01321600E+01
1.87948400E+02,9.96358800E+00
1.88066000E+02,9.83990900E+00
1.88259600E+02,9.60262200E+00
1.88453200E+02,9.33036700E+00
1.88695200E+02,8.84334600E+00
1.88960400E+02,8.68889400E+00
1.89174900E+02,7.50374000E+00
1.89443100E+02,9.61854100E+00
1.89711200E+02,1.53770600E+01
1.89959000E+02,1.22604500E+01
1.90155000E+02,1.16947200E+01
1.90258100E+02,1.12149100E+01
1.90464400E+02,1.06049800E+01
1.90670700E+02,1.01692600E+01
1.90877000E+02,9.76766300E+00
1.91038000E+02,9.52599300E+00
1.91184800E+02,9.27780700E+00
1.91331500E+02,8.98665700E+00
1.91625000E+02,8.27804600E+00
1.91872000E+02,7.48716200E+00
1.92119000E+02,5.81881800E+00
1.92394800E+02,5.77571400E+01
1.92639000E+02,1.80633200E+01
1.92848800E+02,1.41864600E+01
1.93076000E+02,1.24595700E+01
1.93343000E+02,1.13341100E+01
1.93574500E+02,1.05550200E+01
1.93806500E+02,9.73495500E+00
1.94057500E+02,9.49435900E+00
1.94307000E+02,1.33397200E+01
1.94575800E+02,1.21175700E+01
1.94809400E+02,1.08389300E+01
1.95053600E+02,1.20973700E+01
1.95284600E+02,1.09003500E+01
1.95515000E+02,1.04074400E+01
1.95794500E+02,9.98731300E+00
1.96043000E+02,9.44450900E+00
1.96254500E+02,9.67015900E+00
1.96537000E+02,9.68757700E+00
1.96817700E+02,9.08587100E+00
1.97097100E+02,6.72485900E+00
1.97356900E+02,9.64388000E+00
1.97626500E+02,9.59034300E+00
1.97850000E+02,9.12338400E+00
1.98122000E+02,8.42566300E+00
1.98331000E+02,8.84706000E+00
1.98442000E+02,9.27658800E+00
1.98637000E+02,1.03107100E+01
1.98832000E+02,1.14203300E+01
1.99027000E+02,1.14642700E+01
1.99222000E+02,1.07319800E+01
1.99399000E+02,9.95826800E+00
1.99576000E+02,9.19273700E+00
1.99753000E+02,8.37860800E+00
2.00000000E+02,6.86209600E+00
2.00284800E+02,6.27843000E+01
2.00571000E+02,1.98958000E+01
2.00743000E+02,1.63823300E+01
2.01028300E+02,1.35950300E+01
2.01313500E+02,1.20302600E+01
2.01598800E+02,1.05430300E+01
2.01884000E+02,8.34412200E+00
2.02157200E+02,1.35240500E+01
2.02351400E+02,1.20870900E+01
2.02480900E+02,1.15674900E+01
2.02740000E+02,1.07547700E+01
2.02999000E+02,9.68407400E+00
2.03256800E+02,1.03116900E+01
2.03546200E+02,9.00444200E+00
2.03731000E+02,1.17887200E+01
2.04011000E+02,1.19433700E+01
2.04230900E+02,1.26020100E+01
2.04488500E+02,1.13847400E+01
2.04746200E+02,1.06843900E+01
2.05033100E+02,1.06956600E+01
2.05314900E+02,9.90265100E+00
2.05575100E+02,8.64396400E+00
2.05845900E+02,1.16978400E+01
2.06020200E+02,1.04422800E+01
2.06272400E+02,9.62497100E+00
2.06524700E+02,8.81083000E+00
2.06776900E+02,7.47824200E+00
2.07060500E+02,1.61995600E+01
2.07328000E+02,1.29163200E+01
2.07619000E+02,1.12558100E+01
2.07910000E+02,1.04745500E+01
2.08203300E+02,9.92160500E+00
2.08485500E+02,9.42001000E+00
2.08767700E+02,8.59621300E+00
2.09046500E+02,8.95838100E+00
2.09299000E+02,6.56507000E+00
2.09587500E+02,5.03599300E+01
2.09857200E+02,1.66723200E+01
2.10077800E+02,1.26332700E+01
2.10298400E+02,1.09558900E+01
2.10519000E+02,9.61836400E+00
2.10779000E+02,1.14177800E+01
2.11017500E+02,1.01592900E+01
2.11319500E+02,6.76371500E+00
2.11581600E+02,1.42957900E+01
2.11834600E+02,1.12754100E+01
2.12114000E+02,1.10124100E+01
2.12404900E+02,9.98829800E+00
2.12690600E+02,1.05370000E+01
2.12917600E+02,9.38112800E+00
2.13164600E+02,8.28991000E+00
2.13452900E+02,6.67765500E+00
2.13733000E+02,1.85100200E+01
2.13978300E+02,1.49786700E+01
2.14182900E+02,1.30657800E+01
2.14455800E+02,1.19587700E+01
2.14728700E+02,1.13500900E+01
2.15023700E+02,1.09937400E+01
2.15315000E+02,1.06201400E+01
2.15563500E+02,1.07045100E+01
2.15811000E+02,1.03948400E+01
2.16121600E+02,9.80119100E+00
2.16425800E+02,9.32240300E+00
2.16718300E+02,9.10381500E+00
2.16991300E+02,8.24885500E+00
2.17266000E+02,1.29290600E+01
2.17552000E+02,1.04438100E+01
2.17718000E+02,1.01335600E+01
2.18030300E+02,9.76284400E+00
2.18341600E+02,9.48331300E+00
2.18481500E+02,9.29599800E+00
2.18761300E+02,9.00232900E+00
2.19041200E+02,8.73153600E+00
2.19321000E+02,8.47371800E+00
2.19569000E+02,7.98019900E+00
2.19739000E+02,7.62343800E+00
2.20003800E+02,6.35164100E+00
2.20314200E+02,1.15540900E+01
2.20588000E+02,8.95904500E+00
2.20760000E+02,1.44694900E+01
2.21060000E+02,1.17257400E+01
2.21189000E+02,1.08035500E+01
2.21465000E+02,9.80629600E+00
2.21750000E+02,1.11483100E+01
2.22035000E+02,1.24485800E+01
2.22301600E+02,1.09621200E+01
2.22568200E+02,9.53763700E+00
2.22834800E+02,7.86361100E+00
2.23135300E+02,1.10930300E+01
2.23395900E+02,1.25161100E+01
2.23704000E+02,1.25730100E+01
2.23922000E+02,9.35359400E+00
2.24140000E+02,7.34495000E+00
2.24440100E+02,2.49438600E+00
2.24754500E+02,3.47951700E+01
2.25076700E+02,8.29526900E+00
2.25365000E+02,1.67931700E+01
2.25638000E+02,1.29946200E+01
2.25817500E+02,1.16186700E+01
2.26096500E+02,9.44005600E+00
2.26421600E+02,5.23660700E+01
2.26736000E+02,1.52995400E+01
2.27058500E+02,1.38751200E+01
2.27247000E+02,1.32949200E+01
2.27620800E+02,1.22852800E+01
2.27994500E+02,1.13636100E+01
2.28368300E+02,1.03607300E+01
2.28695300E+02,8.68622200E+00
2.29010400E+02,9.66886900E+00
2.29331000E+02,1.35044400E+01
2.29656900E+02,1.09849000E+01
2.29956300E+02,9.57408400E+00
2.30256000E+02,8.25163000E+00
2.30553900E+02,6.35241300E+00
2.30886700E+02,2.77340400E+01
2.31198500E+02,1.50144700E+01
2.31523000E+02,2.37833200E+01
2.31832000E+02,1.59870000E+01
2.32021000E+02,1.44102700E+01
2.32290900E+02,1.29128900E+01
2.32614400E+02,1.00763500E+01
2.32938000E+02,1.78831400E+01
2.33219500E+02,1.64194600E+01
2.33521800E+02,1.27363000E+01
2.33824000E+02,1.07240600E+01
2.34148100E+02,1.69698600E+01
2.34482000E+02,1.41722300E+01
2.34805100E+02,1.27627500E+01
2.35128000E+02,1.17473500E+01
2.35449400E+02,1.24089100E+01
2.35783500E+02,1.16721200E+01
2.36006300E+02,1.13045000E+01
2.36326000E+02,1.07552500E+01
2.36652400E+02,9.07581000E+00
2.36959600E+02,1.23011000E+01
2.37273900E+02,1.10057500E+01
2.37618000E+02,1.02782000E+01
2.37915500E+02,9.65636200E+00
2.38215000E+02,1.04888200E+01
2.38341000E+02,1.04568700E+01
2.38580000E+02,1.02349800E+01
2.38811000E+02,1.00142800E+01
2.39121000E+02,9.92085200E+00
2.39440000E+02,1.00848200E+01
2.39720000E+02,1.02072900E+01
2.40000000E+02,1.02300600E+01
2.40300000E+02,9.93928900E+00
2.40643000E+02,9.10691500E+00
2.40986000E+02,7.62564500E+00
2.41295000E+02,2.25235500E+01
2.41526000E+02,1.46542500E+01
2.41683000E+02,1.35324500E+01
2.41922000E+02,1.26990000E+01
2.42161000E+02,1.21757700E+01
2.42639000E+02,1.16823000E+01
2.42854500E+02,1.18051700E+01
2.43155000E+02,1.19484000E+01
2.43501000E+02,1.15532100E+01
2.43790000E+02,1.09393800E+01
2.44128500E+02,1.07198700E+01
2.44363000E+02,1.06112100E+01
2.44644000E+02,1.04478500E+01
2.44963000E+02,9.68077600E+00
2.45282000E+02,8.46228900E+00
2.45630400E+02,1.18281200E+01
2.45890100E+02,1.05817700E+01
2.46187000E+02,9.64534900E+00
2.46500000E+02,1.18550800E+01
2.46742500E+02,1.08005400E+01
2.46985000E+02,9.98066800E+00
2.47227500E+02,9.14478700E+00
2.47577500E+02,6.69098900E+00
2.47926100E+02,2.61891000E+01
2.48187000E+02,1.29333000E+01
2.48539000E+02,1.03472400E+01
2.48852000E+02,7.90711400E+00
2.49158000E+02,1.75055300E+01
2.49466500E+02,1.30904000E+01
2.49797000E+02,1.21502100E+01
2.50031800E+02,1.15338300E+01
2.50167500E+02,1.12632600E+01
2.50439000E+02,1.08268500E+01
2.50854000E+02,1.01940400E+01
2.51061000E+02,9.82148900E+00
2.51372000E+02,9.27929100E+00
2.51563000E+02,1.03785400E+01
2.51873300E+02,1.06392200E+01
2.52231000E+02,9.63217500E+00
2.52588800E+02,8.55114200E+00
2.52884000E+02,9.69535100E+00
2.53217000E+02,1.08944100E+01
2.53508000E+02,1.06872300E+01
2.53852000E+02,1.35442300E+01
2.54211500E+02,1.27216100E+01
2.54560500E+02,1.16450000E+01
2.54687100E+02,1.13110800E+01
2.54940400E+02,1.07112600E+01
2.55193700E+02,1.01199400E+01
2.55527800E+02,8.73859200E+00
2.55762000E+02,8.59848900E+00
2.56052000E+02,1.40426700E+01
2.56414000E+02,1.32006300E+01
2.56702900E+02,1.16076400E+01
2.56898700E+02,1.11403300E+01
2.57192400E+02,1.05319700E+01
2.57491000E+02,1.05696400E+01
2.57853300E+02,1.01377100E+01
2.58204400E+02,9.48320300E+00
2.58532900E+02,9.98905000E+00
2.58826300E+02,9.25870300E+00
2.59197000E+02,8.37335000E+00
2.59478000E+02,7.69385800E+00
2.59759000E+02,6.69969400E+00
2.60047000E+02,9.94633800E+00
2.60243800E+02,8.71326600E+00
2.60440500E+02,7.50570500E+00
2.60735700E+02,5.48871500E+00
2.61091000E+02,1.16567400E+01
2.61457800E+02,9.92788500E+00
2.61817000E+02,4.64374800E+01
2.62169000E+02,1.82490900E+01
2.62441000E+02,1.70842800E+01
2.62771800E+02,1.50846100E+01
2.63065300E+02,1.34025400E+01
2.63398000E+02,1.22259700E+01
2.63773200E+02,1.20799300E+01
2.63953700E+02,1.15036100E+01
2.64314700E+02,1.04655100E+01
2.64688100E+02,1.01155600E+01
2.65024800E+02,1.08520200E+01
2.65406800E+02,9.66222600E+00
2.65619000E+02,9.19000600E+00
2.65932000E+02,9.24653600E+00
2.66271000E+02,9.25450900E+00
2.66635000E+02,1.52555400E+01
2.66917900E+02,1.25164900E+01
2.67301400E+02,1.11531300E+01
2.67584400E+02,1.03005300E+01
2.67958300E+02,1.03071400E+01
2.68302000E+02,1.21256800E+01
2.68473000E+02,1.13118900E+01
2.68701000E+02,1.05537500E+01
2.68929000E+02,9.86280100E+00
2.69157000E+02,9.25294300E+00
2.69393000E+02,9.62878200E+00
2.69747500E+02,8.88900300E+00
2.70045000E+02,1.29138400E+01
2.70405500E+02,1.26180700E+01
2.70714500E+02,1.06183400E+01
2.71100000E+02,1.46704100E+01
2.71358000E+02,1.14085600E+01
2.71651000E+02,9.94256600E+00
2.72017300E+02,7.92729900E+00
2.72383500E+02,5.49537700E+00
2.72723000E+02,4.91639700E+01
2.73058000E+02,1.95239900E+01
2.73444800E+02,1.71622600E+01
2.73823700E+02,1.49650300E+01
2.73973300E+02,1.41938900E+01
2.74272500E+02,1.30748800E+01
2.74571800E+02,1.21354800E+01
2.74966000E+02,1.17471700E+01
2.75242000E+02,1.20622200E+01
2.75604000E+02,1.09121200E+01
2.75940900E+02,9.93204400E+00
2.76329200E+02,8.14350300E+00
2.76722000E+02,1.15775500E+01
2.77084800E+02,2.17673700E+01
2.77390900E+02,1.55425000E+01
2.77788900E+02,1.21404600E+01
2.78121900E+02,1.34091300E+01
2.78471900E+02,1.17483100E+01
2.78856100E+02,1.22784000E+01
2.79256800E+02,1.11759400E+01
2.79467000E+02,1.08640100E+01
2.79826000E+02,1.28483400E+01
2.80184000E+02,1.49887900E+01
2.80578000E+02,1.42731000E+01
2.80837000E+02,1.39606000E+01
2.81164000E+02,1.32434500E+01
2.81491000E+02,1.18353300E+01
2.81842500E+02,1.35984500E+01
2.82143500E+02,1.28876200E+01
2.82475000E+02,1.24430200E+01
2.82656000E+02,1.22592500E+01
2.82956100E+02,1.19872100E+01
2.83349200E+02,1.17464500E+01
2.83737000E+02,1.13880100E+01
2.84081000E+02,1.13492200E+01
2.84406300E+02,1.11401300E+01
2.84797000E+02,1.07237000E+01
2.85177000E+02,1.04884400E+01
2.85525000E+02,1.09089500E+01
2.85935000E+02,1.10020800E+01
2.86311300E+02,1.10055500E+01
2.86510000E+02,1.06631100E+01
2.86907500E+02,9.95604000E+00
2.87305000E+02,8.84252600E+00
2.87675100E+02,1.23021400E+01
2.88041100E+02,1.08927600E+01
2.88307200E+02,1.02124500E+01
2.88662000E+02,9.20458400E+00
2.89038500E+02,6.65891500E+00
2.89449000E+02,1.60076600E+01
2.89841000E+02,1.23234000E+01
2.90254000E+02,1.21173000E+01
2.90663600E+02,1.40210800E+01
2.91027000E+02,1.25994500E+01
2.91376500E+02,1.22386000E+01
2.91736500E+02,1.16297800E+01
2.92070000E+02,1.14736100E+01
2.92269000E+02,1.21360100E+01
2.92664000E+02,1.20633900E+01
2.93073700E+02,1.13666400E+01
2.93483300E+02,9.57407500E+00
2.93798500E+02,1.16576100E+01
2.94169000E+02,1.10892300E+01
2.94518500E+02,1.06956300E+01
2.94733000E+02,1.04333600E+01
2.95054800E+02,9.93766000E+00
2.95358000E+02,1.03947600E+01
2.95784300E+02,9.94580000E+00
2.96200800E+02,1.22623600E+01
2.96509700E+02,1.11919100E+01
2.96897600E+02,1.04279400E+01
2.97319700E+02,1.02214300E+01
2.97683000E+02,1.00742600E+01
2.98074100E+02,8.37848700E+00
2.98465100E+02,2.21913800E+01
2.98883800E+02,1.40825600E+01
2.99286800E+02,1.32044600E+01
2.99522500E+02,1.24472600E+01
2.99758300E+02,1.19570500E+01
3.00153000E+02,1.13623500E+01
3.00577500E+02,1.15481600E+01
3.00928300E+02,1.13553200E+01
3.01364000E+02,1.09747800E+01
3.01765300E+02,1.14585200E+01
3.02171200E+02,1.06339400E+01
3.02577100E+02,9.74681100E+00
3.02955000E+02,1.15035300E+01
3.03227000E+02,1.11323400E+01
3.03419000E+02,1.12220100E+01
3.03846000E+02,1.09259100E+01
3.04250300E+02,1.01712200E+01
3.04626000E+02,1.00739600E+01
3.05017000E+02,1.06181600E+01
3.05400000E+02,1.08219800E+01
3.05831800E+02,1.10590500E+01
3.06233000E+02,1.10875300E+01
3.06645000E+02,1.08467200E+01
3.07076300E+02,1.03828500E+01
3.07520700E+02,1.00313200E+01
3.07923000E+02,1.06921400E+01
3.08201000E+02,1.00835400E+01
3.08561000E+02,9.46873800E+00
3.09002000E+02,3.22300100E+01
3.09432900E+02,1.17060400E+01
3.09796000E+02,1.09143600E+01
3.10243500E+02,1.01889700E+01
3.10648800E+02,1.01917800E+01
3.11023200E+02,9.43608400E+00
3.11436900E+02,1.05906100E+01
3.11798300E+02,9.49847500E+00
3.12216000E+02,8.92451700E+00
3.12609700E+02,9.86335800E+00
3.13027900E+02,7.25410200E+00
3.13474600E+02,1.23689500E+01
3.13860900E+02,1.15993000E+01
3.14240400E+02,9.97011400E+00
3.14695600E+02,8.15049800E+00
3.15150500E+02,1.79057800E+01
3.15562600E+02,9.59437400E+00
3.15969700E+02,1.20278400E+01
3.16427000E+02,1.27982900E+01
3.16795600E+02,1.13465700E+01
3.17244900E+02,1.06423400E+01
3.17682300E+02,1.13918800E+01
3.18023400E+02,1.09239900E+01
3.18433000E+02,9.99629800E+00
3.18761000E+02,9.87944600E+00
3.19183500E+02,9.61114000E+00
3.19586300E+02,8.22792600E+00
3.20033800E+02,1.12369600E+01
3.20298500E+02,1.04192200E+01
3.20695700E+02,9.65741200E+00
3.21086000E+02,9.08722900E+00
3.21508900E+02,8.46745000E+00
3.21966100E+02,7.68063800E+00
3.22413000E+02,5.57849900E+00
3.22867000E+02,1.08136700E+01
3.23300700E+02,9.58440100E+00
3.23759200E+02,3.33236300E+01
3.24180900E+02,8.43016800E+00
3.24637700E+02,1.41297700E+01
3.25104300E+02,1.08257200E+01
3.25523100E+02,1.28117900E+01
3.25966400E+02,1.20503800E+01
3.26366000E+02,1.34483700E+01
3.26777500E+02,1.08442100E+01
3.27238700E+02,4.68744700E+01
3.27614500E+02,1.35399800E+01
3.28083000E+02,1.14664100E+01
3.28383000E+02,1.10669300E+01
3.28765000E+02,1.00301300E+01
3.29148000E+02,1.27942000E+01
3.29549000E+02,1.17634500E+01
3.30013000E+02,1.05267000E+01
3.30482500E+02,1.04783800E+01
3.30961000E+02,1.10200000E+01
3.31352500E+02,1.01452700E+01
3.31698000E+02,9.37477700E+00
3.32148000E+02,7.88848500E+00
3.32596300E+02,1.29198600E+01
3.33068800E+02,2.86583500E+01
3.33543000E+02,1.28496200E+01
3.33901000E+02,1.03039400E+01
3.34257000E+02,1.55384800E+01
3.34647300E+02,1.29453600E+01
3.35037600E+02,1.16222800E+01
3.35490800E+02,1.12749400E+01
3.35764000E+02,1.04499400E+01
3.36156300E+02,9.45622400E+00
3.36623000E+02,1.18736600E+01
3.37079900E+02,1.26687100E+01
3.37554700E+02,1.09504200E+01
3.38005300E+02,9.86193500E+00
3.38468000E+02,1.07463500E+01
3.38897900E+02,9.15884700E+00
3.39278000E+02,8.81351600E+00
3.39608500E+02,7.27550500E+00
3.40085000E+02,2.60956300E+01
3.40470500E+02,1.74364900E+01
3.40861000E+02,1.41873100E+01
3.41287000E+02,1.20647800E+01
3.41769800E+02,1.07538400E+01
3.42225200E+02,8.34760900E+00
3.42722000E+02,9.88368900E+00
3.43219200E+02,2.61638700E+01
3.43605600E+02,9.80782200E+00
3.44071700E+02,3.58281500E+01
3.44483500E+02,1.51430200E+01
3.44954000E+02,1.30952500E+01
3.45410000E+02,1.17584700E+01
3.45850200E+02,1.16614100E+01
3.46289000E+02,1.04793300E+01
3.46727800E+02,8.41892700E+00
3.47216000E+02,1.65004700E+01
3.47497000E+02,1.32148900E+01
3.47993800E+02,1.08953800E+01
3.48498800E+02,1.30551300E+01
3.48985600E+02,1.14197100E+01
3.49448100E+02,1.20501200E+01
3.49848500E+02,1.14845000E+01
3.50273000E+02,1.07265100E+01
3.50675500E+02,1.04347300E+01
3.51164000E+02,1.14277400E+01
3.51674100E+02,1.11109000E+01
3.52106100E+02,1.17272300E+01
3.52598600E+02,9.54100400E+00
3.53083100E+02,1.24006000E+01
3.53596000E+02,1.28797500E+01
3.54019000E+02,1.15098200E+01
3.54301500E+02,1.09330900E+01
3.54584000E+02,1.03573500E+01
3.55054000E+02,8.79911700E+00
3.55555500E+02,1.23197600E+01
3.56063300E+02,3.47843700E+01
3.56453000E+02,1.31322800E+01
3.56962000E+02,1.23104700E+01
3.57427700E+02,1.17345100E+01
3.57925000E+02,1.15921000E+01
3.58406000E+02,1.13591100E+01
3.58908000E+02,1.08312200E+01
3.59397300E+02,9.79296100E+00
3.59909000E+02,1.14993200E+01
3.60429100E+02,1.18672700E+01
3.60924600E+02,1.07090600E+01
3.61375000E+02,8.82230200E+00
3.61862500E+02,1.26583100E+01
3.62367100E+02,1.07654300E+01
3.62873900E+02,1.11731500E+01
3.63374100E+02,1.07347000E+01
3.63889300E+02,1.02269800E+01
3.64395000E+02,8.49638500E+00
3.64870200E+02,1.01187100E+01
3.65341000E+02,1.22768600E+01
3.65842600E+02,1.16840500E+01
3.66271300E+02,1.21932500E+01
3.66752800E+02,1.10344100E+01
3.67213500E+02,1.14164300E+01
3.67635000E+02,1.09599700E+01
3.68143400E+02,1.04155400E+01
3.68610900E+02,1.00225500E+01
3.69145200E+02,1.05394800E+01
3.69672300E+02,8.75350400E+00
3.70190000E+02,6.66492800E+00
3.70714900E+02,1.29716800E+01
3.71215400E+02,1.01960700E+01
3.71695200E+02,1.19649600E+01
3.72058000E+02,1.06700400E+01
3.72595500E+02,6.63696900E+00
3.73102300E+02,1.05541000E+01
3.73592500E+02,1.28082600E+01
3.74004900E+02,1.18453900E+01
3.74538700E+02,1.10967100E+01
3.75061700E+02,1.11454700E+01
3.75579900E+02,1.04657400E+01
3.76083500E+02,1.02579200E+01
3.76529000E+02,1.00533400E+01
3.77032600E+02,9.49753900E+00
3.77535000E+02,8.75852600E+00
3.78066000E+02,1.09961800E+01
3.78560500E+02,9.74140700E+00
3.78897800E+02,8.80393500E+00
3.79428800E+02,7.73048200E+00
3.79955000E+02,1.08422200E+01
3.80497900E+02,1.38868200E+01
3.80908500E+02,1.11037200E+01
3.81442500E+02,7.33277500E+00
3.81886000E+02,1.46784500E+01
3.82426900E+02,1.17296400E+01
3.82964800E+02,9.55579800E+00
3.83485000E+02,1.54922300E+01
3.83950400E+02,1.20660900E+01
3.84503300E+02,1.38681400E+01
3.85038000E+02,1.08391400E+01
3.85414000E+02,1.14197400E+01
3.85933400E+02,1.05434100E+01
3.86363300E+02,9.77132000E+00
3.86918600E+02,6.97732500E+00
3.87443300E+02,2.12002200E+01
3.87962800E+02,1.26242100E+01
3.88480600E+02,1.47086600E+01
3.89029100E+02,1.39835100E+01
3.89383300E+02,1.20101000E+01
3.89819300E+02,1.13419600E+01
3.90255300E+02,1.08564900E+01
3.90821700E+02,1.06967500E+01
3.91067600E+02,1.01940600E+01
3.91559300E+02,9.28311700E+00
3.92119000E+02,7.63954400E+00
3.92670000E+02,1.21822700E+01
3.93220100E+02,1.14291100E+01
3.93750000E+02,1.15370600E+01
3.94314000E+02,1.11095000E+01
3.94734000E+02,1.06647200E+01
3.95252700E+02,1.02178800E+01
3.95770000E+02,9.76147000E+00
3.96257400E+02,8.31614200E+00
3.96798600E+02,1.47516600E+01
3.97357900E+02,8.90311800E+00
3.97879900E+02,1.22683200E+01
3.98430700E+02,1.11694200E+01
3.98929200E+02,1.08415800E+01
3.99472200E+02,1.02574000E+01
4.00036100E+02,1.06397700E+01
4.00579400E+02,1.17194700E+01
4.01049000E+02,1.00904100E+01
4.01625100E+02,1.20253000E+01
4.02130000E+02,1.00388200E+01
4.02611000E+02,1.13610100E+01
4.02976000E+02,1.08112400E+01
4.03560000E+02,1.01937900E+01
4.04145000E+02,9.15346700E+00
4.04617000E+02,1.01578700E+01
4.05191000E+02,1.15065800E+01
4.05762500E+02,9.04198200E+00
4.06290700E+02,1.20694700E+01
4.06880600E+02,1.10611300E+01
4.07443500E+02,1.03436500E+01
4.07926000E+02,1.02654600E+01
4.08486400E+02,1.01628800E+01
4.08972500E+02,1.22360700E+01
4.09467500E+02,1.10885600E+01
4.09906000E+02,1.05929800E+01
4.10452300E+02,9.15462700E+00
4.10989000E+02,1.11329300E+01
4.11554400E+02,1.04578100E+01
4.12119800E+02,9.73368600E+00
4.12678000E+02,9.88388700E+00
4.13249400E+02,9.36293300E+00
4.13842000E+02,8.44763200E+00
4.14386500E+02,9.79819500E+00
4.14982900E+02,1.27487300E+01
4.15531400E+02,8.43677900E+00
4.16092000E+02,1.09580300E+01
4.16595000E+02,9.93615900E+00
4.17107000E+02,8.88235400E+00
4.17630300E+02,7.83458500E+00
4.18222600E+02,8.80701400E+00
4.18727600E+02,1.34085400E+01
4.19253400E+02,1.00048600E+01
4.19818900E+02,8.37149000E+00
4.20288000E+02,1.26724200E+01
4.20611000E+02,1.15647800E+01
4.21129500E+02,1.05882600E+01
4.21737900E+02,1.00258800E+01
4.22345000E+02,9.06441500E+00
4.22785000E+02,8.15305800E+00
4.23365000E+02,1.16164700E+01
4.23960000E+02,1.07629000E+01
4.24536700E+02,1.05235400E+01
4.25138500E+02,6.20831600E+00
4.25703400E+02,1.19482500E+01
4.26272700E+02,1.27286900E+01
4.26658300E+02,1.15671200E+01
4.27253800E+02,8.83570100E+00
4.27852200E+02,1.18105900E+01
4.28434000E+02,9.22858100E+00
4.29019900E+02,1.11485900E+01
4.29640600E+02,1.26948000E+01
4.30060000E+02,9.45942500E+00
4.30392000E+02,1.06235500E+01
4.30874500E+02,1.09513600E+01
4.31467500E+02,1.25126600E+01
4.32034000E+02,1.04206100E+01
4.32661800E+02,8.91530600E+00
4.33227000E+02,7.67348100E+00
4.33856700E+02,1.12868600E+01
4.34395200E+02,1.32648600E+01
4.34990800E+02,1.95435700E+01
4.35472000E+02,1.33056400E+01
4.36079700E+02,1.17023900E+01
4.36642000E+02,1.07635500E+01
4.37239000E+02,1.03434500E+01
4.37833800E+02,9.57158100E+00
4.38429700E+02,8.96575100E+00
4.39055000E+02,7.14773000E+00
4.39662600E+02,1.16541600E+01
4.40236000E+02,7.81493900E+00
4.40833000E+02,1.43801500E+01
4.41378000E+02,1.13089600E+01
4.41838000E+02,9.55643300E+00
4.42406000E+02,1.58672700E+01
4.43033000E+02,1.36538700E+01
4.43556600E+02,1.24386900E+01
4.44180500E+02,1.12812900E+01
4.44793000E+02,1.16216700E+01
4.45430000E+02,1.15595700E+01
4.46020500E+02,1.15141200E+01
4.46594900E+02,1.05778000E+01
4.47175300E+02,9.93351400E+00
4.47744500E+02,1.01736000E+01
4.48374500E+02,8.46312100E+00
4.49013900E+02,1.19048700E+01
4.49660000E+02,8.32523300E+00
4.50236500E+02,1.19803300E+01
4.50812000E+02,1.23336200E+01
4.51434000E+02,1.10352200E+01
4.52009000E+02,1.05620200E+01
4.52632000E+02,9.88009000E+00
4.53232000E+02,8.72717800E+00
4.53863800E+02,1.54137200E+01
4.54522300E+02,1.23672600E+01
4.55131900E+02,1.06742600E+01
4.55771800E+02,1.30818800E+01
4.56356000E+02,1.05591700E+01
4.57004300E+02,1.00371200E+01
4.57637000E+02,9.10651500E+00
4.58234500E+02,9.05141200E+00
4.58825000E+02,1.13843600E+01
4.59466900E+02,7.70767900E+00
4.60123400E+02,1.01715500E+01
4.60581600E+02,8.96339600E+00
4.61156000E+02,7.48453500E+00
4.61815300E+02,2.33477200E+01
4.62366000E+02,1.28227300E+01
4.62985000E+02,1.11103100E+01
4.63656300E+02,1.06992900E+01
4.64311100E+02,1.81662900E+01
4.64755900E+02,1.40952500E+01
4.65409300E+02,1.20728000E+01
4.66069000E+02,1.05177400E+01
4.66696900E+02,1.22554100E+01
4.67345000E+02,1.12753500E+01
4.67923000E+02,1.02855500E+01
4.68485000E+02,9.99108000E+00
4.69037000E+02,1.07920400E+01
4.69689800E+02,1.16717000E+01
4.70361100E+02,1.16352600E+01
4.70944100E+02,9.56294800E+00
4.71509600E+02,7.67381000E+00
4.72179400E+02,1.48044200E+01
4.72843900E+02,1.15412400E+01
4.73504800E+02,1.24719600E+01
4.74167400E+02,1.12821500E+01
4.74789700E+02,1.00629100E+01
4.75431100E+02,1.05007500E+01
4.76120500E+02,9.18310800E+00
4.76780100E+02,1.51803500E+01
4.77458600E+02,1.26686700E+01
4.78103700E+02,9.59708700E+00
4.78798000E+02,7.02588000E+00
4.79482400E+02,1.93180400E+01
4.80082000E+02,1.13631800E+01
4.80723000E+02,8.73960600E+00
4.81370600E+02,2.73392600E+01
4.82059000E+02,1.91790200E+01
4.82740000E+02,1.19026500E+01
4.83439000E+02,1.15616500E+01
4.84064500E+02,1.11156900E+01
4.84762000E+02,1.11660800E+01
4.85456300E+02,1.34481900E+01
4.86159000E+02,1.05266300E+01
4.86809500E+02,9.50534900E+00
4.87516100E+02,1.13431300E+01
4.88130000E+02,1.00744000E+01
4.88828500E+02,9.40645300E+00
4.89516000E+02,1.00844900E+01
4.90187900E+02,8.33219200E+00
4.90888000E+02,1.32846800E+01
4.91585000E+02,1.09967600E+01
4.92241000E+02,1.11325000E+01
4.92941700E+02,8.18291200E+00
4.93634400E+02,1.07364300E+01
4.94344800E+02,8.76156000E+00
4.95022400E+02,9.15485200E+00
4.95737900E+02,1.15336100E+01
4.96417800E+02,8.11819000E+00
4.97016500E+02,1.26165100E+01
4.97655700E+02,1.03701300E+01
4.98376000E+02,1.05358400E+01
4.98921000E+02,8.83972000E+00
4.99620000E+02,9.92755300E+00
5.00189500E+02,1.00028400E+01
5.00740000E+02,1.24479600E+01
5.01286000E+02,1.04264000E+01
5.02002400E+02,1.02031800E+01
5.02700000E+02,9.13852600E+00
5.03400100E+02,1.09044200E+01
5.04075000E+02,1.20326400E+01
5.04795900E+02,1.03049200E+01
5.05407000E+02,9.99414800E+00
5.06132800E+02,1.25808000E+01
5.06840800E+02,1.07962900E+01
5.07516000E+02,8.27553400E+00
5.08182000E+02,1.22263500E+01
5.08560100E+02,1.08276800E+01
5.08938200E+02,9.86779300E+00
5.09647100E+02,7.52820600E+00
5.10366700E+02,1.16024200E+01
5.11100400E+02,8.07880000E+00
5.11612000E+02,1.77298000E+01
5.12333400E+02,1.09414000E+01
5.13023600E+02,1.01095200E+01
5.13752800E+02,1.93689200E+01
5.14493800E+02,1.39826600E+01
5.15045000E+02,1.36902900E+01
5.15766300E+02,1.20764600E+01
5.16506500E+02,1.17582900E+01
5.17209500E+02,1.12709100E+01
5.17874700E+02,1.03879300E+01
5.18618200E+02,9.22767800E+00
5.19322400E+02,6.35941700E+00
5.20076300E+02,1.52970000E+01
5.20800300E+02,1.44318800E+01
5.21192600E+02,1.26915200E+01
5.21584800E+02,1.19051400E+01
5.22320300E+02,9.95118300E+00
5.23061300E+02,1.01943900E+01
5.23813600E+02,8.87856400E+00
5.24560600E+02,2.75310900E+01
5.25216700E+02,1.25467800E+01
5.25966500E+02,1.07875500E+01
5.26710300E+02,9.75771400E+00
5.27474900E+02,6.84984600E+00
5.28163900E+02,1.35785300E+01
5.28910000E+02,1.18139500E+01
5.29490500E+02,1.04353200E+01
5.30124000E+02,1.15238600E+01
5.30802700E+02,1.71785200E+01
5.31537900E+02,1.59569900E+01
5.32290400E+02,1.23114700E+01
5.33033700E+02,1.13795900E+01
5.33607900E+02,1.06131600E+01
5.34366300E+02,7.96311900E+00
5.35143000E+02,1.00764500E+01
5.35872800E+02,1.11235900E+01
5.36621900E+02,8.38552600E+00
5.37286900E+02,9.72412900E+00
5.37948000E+02,1.22520800E+01
5.38689700E+02,1.16196300E+01
5.39357500E+02,1.06077700E+01
5.40104200E+02,1.21794900E+01
5.40843200E+02,1.01076300E+01
5.41458000E+02,8.25660900E+00
5.42213100E+02,1.17165100E+02
5.42871300E+02,1.28539200E+01
5.43477000E+02,9.04453000E+00
5.44155000E+02,1.50788200E+01
5.44585700E+02,1.31521500E+01
5.45231700E+02,1.10376800E+01
5.45962300E+02,7.35063600E+00
5.46697600E+02,1.65243800E+01
5.47489100E+02,1.35612800E+01
5.48273800E+02,1.14485900E+01
5.49057400E+02,1.22619100E+01
5.49804500E+02,1.09054800E+01
5.50546900E+02,1.08046800E+01
5.51326700E+02,8.73104200E+00
5.52119200E+02,1.79539300E+01
5.52876400E+02,1.18207600E+01
5.53633500E+02,1.10533300E+01
5.54369000E+02,1.06416500E+01
5.55106500E+02,1.00976100E+01
5.55762700E+02,9.15033700E+00
5.56532100E+02,1.19071500E+01
5.57221500E+02,9.45243000E+00
5.57935100E+02,1.36074800E+01
5.58739800E+02,1.32873600E+01
5.59535300E+02,1.08412200E+01
5.60317700E+02,1.04502600E+01
5.61073800E+02,1.29182500E+01
5.61888400E+02,1.10831000E+01
5.62677300E+02,1.22168400E+01
5.63429000E+02,1.00420900E+01
5.64243000E+02,1.01770700E+01
5.65013100E+02,1.25087000E+01
5.65826500E+02,1.26172700E+01
5.66600000E+02,1.08158800E+01
5.67384300E+02,1.06755200E+01
5.68110000E+02,8.65465500E+00
5.68895000E+02,9.58689500E+00
5.69684500E+02,8.53954300E+00
5.70439500E+02,7.51834300E+00
5.71229600E+02,1.10916100E+01
5.72043200E+02,5.32144600E+00
5.72868500E+02,1.44263000E+01
5.73633900E+02,1.46777800E+01
5.74396900E+02,1.05732600E+01
5.75193200E+02,1.06486500E+01
5.75870000E+02,1.28670400E+01
5.76689100E+02,8.10646700E+00
5.77452300E+02,9.16617300E+00
5.78232300E+02,1.48453100E+01
5.79056700E+02,1.12834400E+01
5.79867100E+02,1.13183800E+01
5.80698600E+02,1.16166800E+01
5.81492000E+02,1.02546700E+01
5.82314700E+02,8.74230400E+00
5.83148500E+02,1.06504400E+01
5.83953000E+02,1.03946600E+01
5.84682500E+02,7.65911100E+00
5.85517000E+02,1.27264900E+01
5.86298200E+02,1.49931500E+01
5.87015800E+02,9.78535900E+00
5.87823800E+02,1.52723600E+01
5.88616900E+02,9.90858200E+00
5.89446500E+02,9.57619000E+00
5.90261000E+02,8.34042200E+00
5.91023500E+02,1.60817700E+01
5.91810200E+02,1.16979000E+01
5.92542500E+02,1.31001500E+01
5.93181000E+02,1.09097200E+01
5.94001400E+02,1.10207700E+01
5.94827000E+02,9.76809000E+00
5.95514800E+02,1.24550600E+01
5.96345300E+02,1.49268600E+01
5.97109800E+02,1.19849700E+01
5.97942500E+02,1.04494400E+01
5.98775000E+02,6.86044700E+00
5.99526500E+02,1.21147600E+01
6.00123000E+02,1.06517600E+01
6.00832000E+02,1.22974700E+01
6.01663500E+02,1.09572000E+01
6.02324700E+02,9.92484600E+00
6.02985000E+02,8.42283300E+00
6.03818400E+02,1.14057200E+01
6.04582000E+02,1.63868300E+01
6.05245800E+02,1.40145600E+01
6.06051500E+02,1.18883200E+01
6.06905000E+02,1.20133000E+01
6.07688700E+02,1.09237200E+01
6.08544600E+02,1.10637500E+01
6.09367100E+02,9.84982000E+00
6.10207000E+02,1.24912800E+01
6.11013400E+02,1.39122800E+01
6.11806500E+02,1.29951200E+01
6.12640100E+02,1.04213100E+01
6.13523100E+02,1.20643800E+01
6.14366700E+02,1.01728200E+01
6.15202000E+02,1.00506200E+01
6.16085800E+02,1.06418000E+01
6.16921200E+02,1.03377000E+01
6.17786600E+02,1.06674500E+01
6.18658200E+02,7.49643600E+00
6.19403800E+02,1.79201700E+01
6.20257100E+02,1.27078900E+01
6.21137500E+02,1.19158800E+01
6.22012300E+02,1.14483400E+01
6.22836400E+02,1.09046200E+01
6.23715900E+02,9.62584700E+00
6.24574200E+02,1.06271900E+01
6.25471200E+02,8.58608300E+00
6.26373600E+02,6.75702800E+00
6.27238700E+02,1.20548500E+01
6.28139600E+02,8.97426100E+00
6.29049000E+02,1.08803600E+01
6.29857400E+02,1.12456900E+01
6.30735100E+02,9.13523900E+00
6.31558300E+02,1.10332900E+01
6.32426100E+02,1.09526900E+01
6.33332900E+02,1.39073700E+01
6.34186200E+02,1.22077900E+01
6.35035400E+02,7.36326000E+00
6.35953800E+02,9.06914800E+00
6.36796500E+02,1.57247000E+01
6.37655000E+02,1.17743100E+01
6.38566500E+02,1.05658100E+01
6.39461500E+02,1.24580700E+01
6.40379700E+02,1.13950200E+01
6.41286400E+02,2.42531800E+01
6.42208000E+02,1.06465700E+01
6.43090000E+02,9.50767300E+00
6.43974200E+02,1.06153000E+01
6.44900700E+02,1.38737600E+01
6.45748000E+02,1.39785500E+01
6.46598100E+02,1.76309900E+01
6.47332400E+02,1.39259600E+01
6.48228300E+02,1.21653900E+01
6.49166500E+02,1.34099100E+01
6.50046900E+02,1.21135600E+01
6.50955000E+02,1.16352600E+01
6.51885800E+02,1.08331100E+01
6.52824300E+02,9.38630600E+00
6.53771400E+02,1.10047100E+01
6.54674600E+02,1.10309000E+01
6.55565700E+02,9.35427000E+00
6.56482700E+02,9.65410100E+00
6.57427900E+02,9.18114300E+00
6.58305200E+02,1.29443200E+01
6.59231400E+02,1.57922100E+01
6.60179400E+02,1.28388800E+01
6.61056800E+02,1.02882500E+01
6.62015400E+02,1.06684500E+01
6.62837000E+02,9.31235300E+00
6.63570000E+02,1.03537000E+01
6.64490800E+02,1.06590100E+01
6.65434100E+02,7.89104400E+00
6.66306200E+02,1.61686800E+01
6.67254600E+02,1.28556300E+01
6.68122400E+02,1.16334700E+01
6.69061700E+02,1.10424400E+01
6.70000100E+02,1.03440300E+01
6.70854600E+02,1.00029700E+01
6.71770800E+02,8.52860500E+00
6.72739400E+02,1.14080900E+01
6.73653700E+02,9.32242000E+00
6.74550600E+02,1.33436000E+01
6.75453900E+02,8.34246600E+00
6.76291000E+02,1.39771300E+01
6.77268000E+02,6.53231400E+01
6.78235700E+02,1.64697100E+01
6.79175400E+02,1.30718500E+01
6.80085000E+02,1.31754400E+01
6.80792500E+02,1.09920100E+01
6.81776200E+02,1.26888300E+01
6.82750500E+02,1.31828400E+01
6.83587200E+02,1.19339300E+01
6.84527600E+02,1.18612300E+01
6.85499800E+02,1.11215400E+01
6.86415100E+02,1.22251600E+01
6.87313400E+02,1.11746100E+01
6.88076900E+02,1.04436700E+01
6.89037500E+02,9.46676800E+00
6.90036200E+02,1.01017300E+01
6.91030300E+02,1.03717500E+01
6.91887600E+02,9.20863700E+00
6.92842000E+02,1.02782200E+01
6.93765000E+02,1.33420000E+01
6.94740600E+02,1.11759000E+01
6.95746000E+02,1.11342700E+01
6.96722400E+02,1.17338600E+01
6.97731300E+02,1.23591600E+01
6.98728200E+02,8.23797500E+00
6.99708100E+02,9.14235300E+00
7.00609400E+02,1.19270500E+01
7.01600600E+02,1.19438800E+01
7.02542700E+02,1.17652400E+01
7.03514300E+02,9.43609100E+00
7.04494600E+02,1.26282900E+01
7.05508100E+02,9.90921300E+00
7.06497400E+02,1.15012800E+01
7.07439400E+02,1.04495400E+01
7.08128600E+02,1.00743300E+01
7.09080100E+02,8.19931900E+00
7.10035800E+02,1.48300100E+01
7.11001400E+02,1.38695900E+01
7.12026900E+02,1.10523600E+01
7.12985300E+02,1.06904900E+01
7.13902300E+02,1.04840100E+01
7.14892000E+02,9.77297700E+00
7.15902600E+02,1.41026300E+01
7.16909400E+02,6.89186200E+00
7.17917800E+02,1.44772000E+01
7.18943600E+02,1.40335300E+01
7.19952700E+02,1.85518700E+01
7.20977500E+02,9.66438800E+00
7.21977800E+02,1.24245100E+01
7.23019200E+02,1.15762700E+01
7.23969000E+02,1.19116500E+01
7.24946800E+02,1.06311500E+01
7.25908000E+02,9.03777700E+00
7.26752300E+02,1.02237200E+01
7.27800400E+02,1.20683400E+01
7.28843200E+02,7.57592500E+00
7.29847300E+02,1.13531200E+01
7.30866100E+02,7.93737000E+00
7.31867800E+02,5.17558900E+00
7.32897600E+02,8.34520700E+00
7.33950100E+02,2.61355100E+01
7.34964700E+02,1.53097100E+01
7.35970300E+02,1.44284100E+01
7.37016600E+02,1.00905400E+01
7.38086600E+02,1.45400900E+01
7.39112600E+02,1.18600000E+01
7.40146600E+02,1.50596000E+01
7.41146400E+02,1.17125900E+01
7.42210900E+02,1.40568500E+01
7.43261900E+02,1.27795600E+01
7.44193600E+02,1.03532400E+01
7.45263300E+02,6.87414200E+00
7.46345300E+02,1.15162200E+01
7.47345600E+02,1.32093300E+01
7.48367500E+02,1.15371500E+01
7.49407800E+02,1.38742700E+01
7.50425800E+02,1.13967800E+01
7.51481000E+02,1.86307100E+01
7.52494100E+02,1.16714800E+01
7.53510400E+02,1.02589700E+01
7.54585200E+02,1.44018800E+01
7.55661700E+02,1.07154000E+01
7.56755200E+02,1.05901100E+01
7.57851700E+02,9.51226100E+00
7.58947200E+02,2.52129100E+01
7.60042000E+02,1.50675400E+01
7.61005900E+02,1.06355600E+01
7.62105700E+02,1.39852300E+01
7.63202700E+02,1.21994400E+01
7.64193400E+02,1.07283400E+01
7.65210200E+02,1.19712700E+01
7.66249000E+02,1.06947000E+01
7.67335300E+02,1.24493900E+01
7.68407800E+02,1.32461600E+01
7.69295700E+02,1.15877200E+01
7.70361800E+02,9.74074200E+00
7.71478200E+02,1.05512600E+01
7.72594400E+02,1.48091400E+01
7.73610700E+02,1.12317400E+01
7.74704800E+02,9.38807000E+00
7.75785100E+02,9.45458600E+00
7.76750500E+02,9.13269400E+00
7.77853300E+02,5.89018100E+00
7.78953900E+02,1.40676500E+01
7.80050200E+02,1.37216000E+01
7.81009100E+02,1.44885000E+01
7.82088300E+02,1.07472300E+01
7.83202200E+02,1.08619900E+01
7.84292700E+02,1.12616800E+01
7.85233500E+02,1.18372500E+01
7.86181500E+02,1.40649400E+01
7.87308800E+02,1.34726000E+01
7.88436200E+02,1.12007700E+01
7.89564200E+02,8.99548900E+00
7.90615100E+02,1.26780400E+01
7.91740900E+02,1.05613700E+01
7.92883100E+02,1.23474400E+01
7.93995800E+02,1.14237800E+01
7.95035900E+02,8.21552100E+00
7.96168500E+02,1.62511900E+01
7.97321400E+02,1.19598200E+01
7.98455600E+02,1.13870000E+01
7.99594800E+02,9.84634900E+00
8.00660100E+02,8.86855300E+00
8.01774000E+02,1.24568700E+01
8.02900100E+02,1.03917800E+01
8.04041400E+02,1.30116800E+01
8.05161300E+02,1.10374900E+01
8.06330800E+02,1.07287800E+01
8.07482400E+02,1.48723200E+01
8.08554900E+02,1.26656200E+01
8.09689200E+02,1.12632800E+01
8.10847600E+02,1.22747200E+01
8.11948500E+02,1.20920300E+01
8.13034800E+02,1.22549200E+01
8.14160100E+02,1.18687200E+01
8.15300900E+02,1.04465800E+01
8.16380900E+02,1.16798600E+01
8.17541600E+02,8.76619700E+00
8.18613100E+02,9.87547900E+00
8.19692200E+02,1.25471800E+01
8.20757700E+02,1.17561300E+01
8.21928200E+02,1.48653600E+01
8.23075100E+02,1.04660900E+01
8.24267500E+02,1.30752800E+01
8.25398800E+02,1.15472300E+01
8.26573500E+02,1.07893100E+01
8.27737500E+02,1.08851200E+01
8.28907900E+02,1.24755000E+01
8.30110700E+02,1.29990200E+01
8.31273500E+02,1.15672200E+01
8.32476900E+02,2.43673300E+01
8.33631500E+02,1.05105500E+01
8.34822600E+02,1.12254100E+01
8.35965000E+02,1.06899000E+01
8.37171600E+02,1.47389400E+01
8.38360100E+02,1.93261600E+01
8.39559800E+02,1.08388000E+01
8.40670500E+02,1.23627700E+01
8.41890200E+02,6.61526800E+00
8.43023700E+02,9.45799500E+00
8.44246700E+02,1.09157800E+01
8.45455000E+02,9.84830000E+00
8.46655700E+02,1.04027700E+01
8.47784500E+02,1.48256600E+01
8.49009320E+02,1.22475300E+01
8.50208400E+02,1.15150900E+01
8.51430700E+02,1.46493000E+01
8.52663300E+02,8.50099200E+00
8.53877700E+02,1.11858500E+01
8.55101800E+02,1.25395100E+01
8.56321700E+02,1.03286600E+01
8.57546900E+02,9.51380000E+00
8.58757700E+02,1.05144000E+01
8.59862900E+02,8.55755500E+00
8.61058500E+02,6.47518500E+00
8.62299200E+02,1.08820800E+01
8.63388800E+02,1.32959500E+01
8.64640300E+02,8.87250600E+00
8.65855600E+02,7.97357800E+00
8.66939400E+02,1.04711000E+01
8.68188100E+02,1.80415600E+01
8.69340700E+02,1.44195700E+01
8.70567100E+02,1.18144800E+01
8.71788700E+02,1.16524700E+01
8.73030700E+02,1.12829500E+01
8.74167900E+02,1.06514400E+01
8.75430100E+02,9.87786300E+00
8.76617600E+02,1.16940900E+01
8.77836500E+02,1.08903600E+01
8.79042300E+02,1.28704700E+01
8.80289100E+02,8.20740600E+00
8.81531500E+02,1.25004900E+01
8.82800800E+02,8.37529800E+00
8.84066200E+02,1.19729100E+01
8.85258500E+02,1.42376700E+01
8.86536300E+02,1.02012600E+01
8.87777800E+02,1.15221400E+01
8.89045400E+02,1.05388400E+01
8.90268500E+02,1.08343100E+01
8.91557000E+02,9.66586700E+00
8.92837000E+02,1.34165600E+01
8.94044100E+02,1.01613000E+01
8.95336800E+02,7.97629500E+00
8.96637200E+02,5.04381000E+00
8.97858900E+02,1.30918900E+01
8.99146300E+02,1.13383900E+01
9.00325300E+02,1.19307600E+01
9.01537900E+02,1.26920100E+01
9.02815000E+02,7.25129900E+00
9.04050400E+02,1.15169600E+01
9.05363100E+02,1.10891800E+01
9.06603400E+02,1.26502100E+01
9.07919900E+02,9.76120500E+00
9.09117600E+02,1.35055800E+01
9.10401400E+02,9.50528100E+00
9.11643600E+02,1.15400900E+01
9.12967000E+02,9.52052600E+00
9.14254000E+02,1.05592800E+01
9.15535700E+02,6.29137200E+00
9.16743600E+02,1.64985300E+01
9.18065600E+02,1.33976600E+01
9.19295900E+02,1.08608100E+01
9.20568500E+02,1.32079600E+01
9.21872000E+02,9.76125500E+00
9.23176100E+02,2.73062200E+01
9.24498200E+02,9.33852500E+00
9.25817400E+02,1.27028200E+01
9.27111500E+02,1.18759700E+01
9.28444800E+02,1.73442900E+01
9.29764300E+02,1.96834100E+01
9.30960200E+02,1.06353100E+01
9.32255000E+02,1.95230600E+01
9.33468900E+02,1.22471600E+01
9.34787200E+02,1.41537300E+01
9.36066800E+02,1.28477000E+01
9.37339300E+02,1.16525600E+01
9.38673900E+02,1.01339400E+01
9.40014400E+02,1.11260500E+01
9.41287500E+02,8.84606200E+00
9.42597900E+02,1.44826200E+01
9.43685300E+02,1.12375200E+01
9.45056500E+02,1.17317200E+01
9.46385500E+02,1.12264800E+01
9.47754700E+02,1.09920800E+01
9.49102800E+02,1.50399100E+01
9.50401600E+02,1.15835900E+01
9.51770400E+02,1.60587800E+01
9.53093000E+02,1.31460400E+01
9.54405400E+02,1.22772000E+01
9.55791400E+02,1.15849300E+01
9.57083400E+02,1.12690800E+01
9.58461800E+02,1.07020100E+01
9.59756100E+02,1.28615700E+01
9.61148800E+02,5.38410800E+01
9.62505800E+02,1.42020500E+01
9.63881600E+02,1.32848200E+01
9.65273200E+02,8.65017500E+00
9.66665800E+02,1.07339300E+01
9.68007400E+02,1.19647800E+01
9.69367500E+02,1.52069900E+01
9.70701500E+02,1.10902400E+01
9.72106700E+02,8.84777300E+00
9.73458700E+02,1.28568300E+01
9.74844300E+02,1.49100200E+01
9.76202600E+02,1.14486900E+01
9.77551000E+02,8.79497900E+00
9.78912700E+02,1.25800800E+01
9.80327700E+02,9.43830900E+00
9.81689500E+02,9.87448600E+00
9.83079000E+02,1.27377000E+01
9.84499200E+02,1.12411500E+01
9.85855000E+02,1.17734600E+01
9.87222600E+02,1.28001100E+01
9.88586400E+02,1.18835600E+01
9.89891600E+02,1.08546200E+01
9.91183100E+02,1.31917300E+01
9.92620100E+02,9.70026500E+00
9.94044800E+02,1.09316400E+01
9.95089100E+02,1.10672000E+01
9.96471800E+02,9.67310500E+00
9.97905900E+02,5.35632300E+00
9.99184900E+02,9.99935500E+00
1.00061800E+03,7.65708900E+00
1.00202500E+03,1.22291700E+01
1.00313000E+03,1.12675200E+01
1.00454700E+03,9.19299100E+00
1.00597300E+03,1.22048400E+01
1.00742400E+03,7.63539100E+01
1.00887000E+03,1.27121800E+01
1.01021100E+03,9.63763100E+00
1.01167800E+03,1.43826800E+01
1.01295000E+03,1.08098500E+01
1.01440100E+03,7.27534100E+00
1.01585400E+03,1.59170800E+01
1.01723000E+03,1.03609500E+01
1.01865500E+03,1.23147800E+01
1.02008800E+03,1.53462600E+01
1.02148500E+03,1.33325500E+01
1.02288700E+03,1.23668800E+01
1.02435700E+03,9.58280000E+00
1.02581500E+03,1.06044300E+01
1.02715800E+03,1.25297000E+01
1.02860000E+03,1.16924000E+01
1.03002100E+03,1.03878200E+01
1.03140000E+03,1.12222600E+01
1.03286500E+03,7.41709800E+00
1.03425100E+03,1.31852300E+01
1.03570000E+03,1.15568500E+01
1.03708800E+03,1.19752000E+01
1.03859000E+03,1.04179400E+01
1.04008800E+03,8.71057200E+00
1.04143100E+03,1.06836200E+01
1.04291600E+03,7.66144500E+00
1.04432900E+03,1.00688700E+01
1.04575000E+03,1.20210200E+01
1.04726400E+03,1.21806700E+01
1.04878500E+03,9.31132700E+00
1.05026900E+03,1.24884300E+01
1.05176600E+03,1.15645100E+01
1.05310200E+03,7.82054200E+00
1.05458000E+03,1.51241700E+01
1.05607700E+03,1.00667900E+01
1.05749500E+03,1.15758500E+01
1.05889600E+03,1.08421900E+01
1.06040100E+03,1.07342800E+01
1.06193800E+03,2.64197600E+01
1.06332300E+03,1.04687400E+01
1.06484500E+03,1.00209500E+01
1.06634700E+03,1.02214100E+01
1.06784200E+03,7.89878800E+00
1.06935100E+03,1.34625100E+01
1.07088500E+03,1.11089700E+01
1.07241800E+03,9.33757500E+00
1.07394200E+03,8.94153300E+00
1.07543400E+03,8.22195500E+00
1.07697800E+03,1.22058300E+01
1.07840300E+03,1.87345700E+01
1.07996900E+03,1.29485300E+01
1.08136800E+03,1.03291100E+01
1.08279600E+03,1.25342300E+01
1.08433500E+03,1.63717400E+01
1.08579000E+03,1.24919900E+01
1.08724400E+03,1.26039100E+01
1.08876300E+03,1.09372300E+01
1.09032600E+03,1.14724700E+01
1.09190400E+03,1.07404800E+01
1.09336900E+03,1.78233000E+01
1.09493100E+03,1.13246200E+01
1.09637300E+03,1.20288000E+01
1.09788000E+03,1.24682700E+01
1.09944900E+03,1.17804600E+01
1.10100900E+03,1.16461900E+01
1.10259400E+03,8.98788300E+00
1.10418100E+03,1.80616500E+01
1.10575600E+03,1.22592900E+01
1.10729500E+03,1.17501900E+01
1.10889500E+03,1.24901600E+01
1.11047600E+03,1.19271500E+01
1.11206900E+03,1.20825600E+01
1.11365300E+03,1.55802800E+01
1.11527000E+03,9.34316600E+00
1.11680900E+03,1.21532900E+01
1.11842700E+03,1.21555500E+01
1.11997900E+03,1.12184200E+01
1.12157800E+03,1.03225800E+01
1.12313700E+03,1.02004800E+01
1.12476300E+03,9.78369200E+00
1.12631600E+03,9.69767600E+00
1.12793700E+03,9.55953100E+00
1.12942500E+03,1.06539800E+01
1.13103200E+03,9.29431500E+00
1.13259800E+03,2.19473000E+01
1.13420000E+03,1.43004200E+01
1.13583400E+03,1.10693200E+01
1.13744300E+03,1.05338200E+01
1.13896000E+03,1.11511800E+01
1.14051800E+03,1.16760700E+01
1.14203200E+03,1.02966200E+01
1.14363000E+03,1.99926700E+01
1.14492500E+03,1.20224500E+01
1.14655500E+03,9.51517000E+00
1.14820800E+03,1.36902500E+01
1.14985100E+03,1.18112900E+01
1.15137300E+03,1.11223700E+01
1.15296200E+03,1.22895300E+01
1.15454200E+03,1.18989100E+01
1.15611300E+03,1.16895000E+01
1.15775400E+03,1.11288400E+01
1.15941300E+03,5.06836900E+00
1.16102700E+03,8.29333300E+00
1.16258400E+03,1.06858100E+01
1.16423300E+03,1.20058100E+01
1.16588800E+03,1.51505600E+01
1.16757900E+03,1.07194600E+01
1.16912700E+03,1.17730900E+01
1.17075600E+03,1.43033900E+01
1.17224800E+03,1.73945000E+01
1.17373100E+03,1.11515100E+01
1.17540400E+03,1.53422900E+01
1.17710400E+03,1.25110400E+01
1.17875800E+03,1.30826300E+01
1.18046200E+03,1.02900200E+01
1.18217400E+03,1.02197500E+01
1.18388300E+03,1.29563400E+01
1.18554700E+03,1.13791900E+01
1.18706800E+03,1.04662900E+01
1.18872200E+03,1.16095900E+01
1.19044200E+03,1.46160000E+01
1.19209800E+03,1.03111100E+01
1.19379300E+03,1.02419900E+01
1.19546900E+03,1.08665300E+01
1.19712400E+03,1.09582100E+01
1.19874200E+03,1.14109900E+01
1.20039300E+03,9.65699300E+00
1.20207700E+03,1.54271200E+01
1.20376400E+03,1.14778200E+01
1.20551200E+03,1.18708800E+01
1.20725000E+03,1.15950800E+01
1.20893700E+03,1.25873600E+01
1.21066300E+03,1.11133000E+01
1.21239600E+03,1.23240600E+01
1.21404200E+03,1.00709600E+01
1.21578500E+03,1.37627200E+01
1.21728100E+03,1.24809000E+01
1.21898900E+03,1.06060700E+01
1.22067900E+03,1.32007700E+01
1.22240600E+03,9.79430900E+00
1.22412500E+03,8.82731000E+00
1.22590200E+03,1.13547200E+01
1.22767800E+03,1.15117500E+01
1.22942600E+03,8.92080500E+00
1.23117800E+03,1.28522900E+01
1.23294800E+03,1.23168900E+01
1.23467500E+03,1.11324500E+01
1.23635900E+03,1.27825600E+01
1.23797400E+03,1.25355600E+01
1.23976600E+03,2.21610400E+01
1.24150700E+03,1.14297500E+01
1.24322600E+03,1.06649500E+01
1.24502000E+03,1.00766100E+01
1.24675600E+03,1.14244900E+01
1.24855800E+03,1.34603500E+01
1.25033900E+03,1.24209700E+01
1.25210400E+03,1.13988700E+01
1.25390800E+03,1.26336800E+01
1.25564500E+03,9.28190900E+00
1.25741800E+03,1.25825600E+01
1.25923400E+03,1.07200500E+01
1.26101200E+03,1.17284100E+01
1.26279400E+03,9.54340900E+00
1.26446500E+03,1.21563300E+01
1.26598900E+03,1.11051800E+01
1.26779900E+03,9.14256000E+00
1.26959200E+03,1.10485400E+01
1.27137100E+03,1.03805200E+01
1.27320100E+03,2.24463800E+01
1.27503400E+03,1.05794900E+01
1.27683600E+03,1.21545800E+01
1.27863200E+03,1.11292700E+01
1.28046400E+03,8.19433700E+00
1.28231300E+03,1.14331600E+01
1.28416000E+03,1.38374800E+01
1.28578400E+03,1.19171000E+01
1.28764000E+03,9.26770100E+00
1.28950000E+03,9.62224900E+00
1.29135800E+03,1.14870700E+01
1.29314500E+03,1.04050500E+01
1.29498500E+03,1.06143100E+01
1.29683900E+03,1.06468100E+01
1.29855200E+03,1.04522900E+01
1.30029300E+03,1.04610300E+01
1.30192400E+03,1.19914500E+01
1.30381000E+03,1.23356000E+01
1.30562200E+03,1.46905500E+01
1.30749480E+03,1.07610300E+01
1.30938200E+03,1.33457700E+01
1.31127000E+03,1.11006600E+01
1.31314900E+03,1.06591800E+01
1.31504300E+03,9.14871900E+00
1.31687200E+03,8.45357700E+00
1.31877200E+03,9.63651700E+00
1.32063900E+03,8.23691700E+00
1.32245100E+03,9.82027000E+00
1.32435900E+03,1.32145900E+01
1.32627000E+03,1.38963200E+01
1.32819600E+03,1.19100400E+01
1.33009200E+03,1.54143400E+01
1.33196700E+03,8.89030000E+00
1.33387600E+03,1.36162200E+01
1.33570500E+03,1.15539500E+01
1.33754200E+03,1.55527800E+01
1.33945000E+03,1.21127700E+01
1.34121700E+03,1.04752400E+01
1.34308900E+03,1.10759400E+01
1.34503400E+03,1.06166900E+01
1.34694700E+03,1.48701800E+01
1.34883400E+03,1.17875900E+01
1.35079100E+03,2.33877200E+01
1.35269400E+03,1.29787600E+01
1.35457700E+03,1.18487100E+01
1.35646400E+03,1.14607000E+01
1.35839500E+03,9.16258900E+00
1.36027500E+03,1.46265900E+01
1.36220600E+03,1.11384700E+01
1.36417500E+03,1.19737500E+01
1.36612900E+03,1.13548500E+01
1.36808700E+03,1.22178200E+01
1.37005700E+03,1.08209300E+01
1.37204600E+03,2.79489400E+01
1.37399100E+03,1.17738400E+01
1.37597300E+03,1.13158100E+01
1.37794100E+03,8.70326700E+00
1.37994000E+03,9.72540000E+00
1.38192500E+03,7.95157100E+00
1.38389500E+03,1.30525700E+01
1.38588200E+03,8.30136800E+00
1.38783900E+03,1.56112900E+01
1.38984100E+03,1.15761300E+01
1.39184900E+03,1.16203400E+01
1.39386500E+03,9.82935600E+00
1.39577000E+03,1.32251500E+01
1.39779150E+03,1.35308600E+01
1.39980000E+03,1.07825900E+01
1.40171000E+03,1.17124800E+01
1.40370400E+03,1.41727200E+01
1.40572500E+03,9.58503800E+00
1.40767200E+03,1.25301700E+01
1.40968600E+03,1.22140200E+01
1.41170900E+03,1.14894000E+01
1.41373700E+03,9.43631800E+00
1.41576700E+03,1.17609600E+01
1.41776900E+03,1.04056900E+01
1.41981000E+03,1.24366200E+01
1.42180900E+03,1.41691400E+01
1.42387500E+03,1.87394300E+01
1.42594200E+03,1.27181100E+01
1.42798300E+03,1.15725600E+01
1.43003500E+03,9.28527800E+00
1.43202000E+03,1.47015500E+01
1.43407100E+03,1.45617700E+01
1.43612200E+03,1.71034200E+01
1.43816400E+03,1.13092000E+01
1.44010500E+03,1.20616700E+01
1.44219300E+03,9.23522900E+00
1.44398200E+03,1.02419100E+01
1.44605900E+03,1.36584400E+01
1.44796500E+03,1.24125500E+01
1.45000700E+03,1.14386300E+01
1.45197800E+03,9.99563200E+00
1.45407600E+03,1.38665100E+01
1.45612000E+03,1.18935700E+01
1.45820400E+03,1.21013000E+01
1.46019600E+03,1.30142600E+01
1.46229300E+03,9.14765900E+00
1.46438700E+03,1.00940300E+01
1.46641900E+03,1.52204600E+01
1.46837000E+03,1.36890300E+01
1.47048000E+03,1.21601500E+01
1.47253800E+03,1.33471500E+01
1.47458600E+03,1.30780200E+01
1.47669700E+03,1.11999100E+01
1.47880000E+03,9.62991800E+00
1.48090900E+03,1.23618500E+01
1.48296400E+03,1.38054800E+01
1.48510400E+03,1.26629400E+01
1.48721700E+03,1.29770600E+01
1.48922100E+03,1.20161900E+01
1.49135700E+03,1.00111200E+01
1.49348300E+03,1.01944100E+01
1.49557200E+03,1.40815000E+01
1.49772900E+03,9.89971800E+00
1.49978400E+03,1.11951800E+01
1.50194000E+03,1.25121200E+01
1.50410300E+03,9.52315000E+00
1.50622500E+03,1.12228000E+01
1.50837800E+03,1.48284500E+01
1.51040800E+03,1.18682000E+01
1.51256900E+03,1.42820500E+01
1.51474590E+03,1.08416100E+01
1.51694100E+03,9.95679900E+00
1.51907300E+03,1.09011700E+01
1.52124900E+03,8.67511800E+00
1.52341800E+03,1.19560100E+01
1.52559800E+03,1.01819000E+01
1.52778800E+03,1.34518300E+01
1.52988300E+03,9.65718900E+00
1.53208400E+03,6.31537200E+00
1.53427700E+03,1.17771600E+01
1.53650270E+03,7.36306300E+00
1.53864300E+03,1.53153400E+01
1.54077800E+03,1.06920300E+01
1.54300400E+03,1.17603300E+01
1.54521900E+03,1.07663500E+01
1.54738300E+03,1.09155600E+01
1.54961700E+03,8.34457000E+00
1.55185100E+03,1.58988100E+01
1.55406700E+03,1.17728600E+01
1.55627900E+03,1.15921300E+01
1.55849500E+03,1.17728500E+01
1.56070700E+03,1.10166100E+01
1.56296300E+03,1.17553900E+01
1.56511300E+03,1.04924500E+01
1.56726000E+03,8.50941100E+00
1.56952000E+03,1.47543300E+01
1.57165800E+03,1.28941500E+01
1.57385700E+03,1.39694400E+01
1.57609900E+03,1.14030600E+01
1.57838400E+03,1.27799700E+01
1.58066100E+03,1.10763300E+01
1.58291500E+03,1.55339600E+01
1.58520000E+03,1.11263500E+01
1.58743600E+03,1.07306700E+01
1.58971000E+03,4.31526200E+01
1.59196700E+03,1.22758300E+01
1.59422100E+03,1.31366700E+01
1.59653000E+03,7.57092400E+00
1.59884800E+03,1.13452800E+01
1.60115100E+03,1.21356800E+01
1.60346200E+03,9.10406100E+00
1.60567800E+03,1.27158000E+01
1.60800600E+03,1.12941600E+01
1.61032900E+03,1.14457600E+01
1.61264400E+03,1.75930300E+01
1.61496700E+03,1.18677400E+01
1.61720200E+03,1.19085500E+01
1.61941300E+03,1.17500300E+01
1.62173200E+03,8.87477600E+00
1.62380500E+03,1.15595500E+01
1.62616300E+03,1.53018400E+01
1.62844800E+03,1.14146200E+01
1.63079100E+03,9.12356300E+00
1.63310500E+03,9.83711300E+00
1.63547500E+03,1.24625400E+01
1.63782200E+03,1.30226000E+01
1.64009600E+03,1.20425500E+01
1.64241500E+03,1.14454000E+01
1.64478600E+03,1.05751500E+01
1.64716700E+03,1.67911500E+01
1.64945700E+03,1.10258400E+01
1.65184200E+03,1.21480400E+01
1.65420900E+03,8.04659400E+00
1.65648400E+03,1.35527800E+01
1.65877200E+03,1.12868500E+01
1.66114900E+03,1.09186900E+01
1.66356200E+03,5.90872300E+00
1.66579500E+03,1.40592300E+01
1.66818600E+03,1.10914500E+01
1.67057600E+03,1.11859600E+01
1.67295300E+03,1.49278800E+01
1.67532300E+03,2.36838900E+01
1.67758100E+03,1.10706000E+01
1.67998200E+03,1.38676600E+01
1.68226400E+03,1.27174700E+01
1.68469000E+03,1.21731500E+01
1.68709900E+03,1.20058000E+01
1.68951700E+03,6.26053400E+00
1.69192100E+03,1.19809800E+01
1.69429600E+03,1.07515600E+01
1.69670700E+03,1.15338900E+01
1.69913500E+03,1.62927300E+01
1.70154300E+03,1.83885700E+01
1.70394700E+03,1.41045600E+01
1.70634500E+03,1.25883800E+01
1.70880100E+03,1.01395400E+01
1.71121200E+03,1.12081500E+01
1.71366900E+03,1.06329400E+01
1.71599700E+03,1.17288100E+01
1.71848200E+03,1.13631200E+01
1.72088500E+03,1.16038700E+01
1.72330300E+03,1.34516800E+01
1.72572300E+03,1.17410400E+01
1.72822000E+03,7.54422200E+00
1.73069400E+03,1.03761300E+01
1.73317100E+03,1.07508400E+01
1.73566400E+03,9.32830700E+00
1.73815300E+03,6.90490500E+00
1.74058000E+03,1.11242100E+01
1.74310100E+03,1.38294900E+01
1.74562700E+03,1.07180900E+01
1.74793300E+03,1.17731000E+01
1.75040500E+03,1.24140100E+01
1.75293400E+03,1.53933600E+01
1.75542300E+03,1.25153100E+01
1.75797300E+03,1.00326400E+01
1.76052650E+03,1.23129600E+01
1.76308000E+03,1.11333300E+01
1.76557100E+03,1.12188400E+01
1.76813300E+03,1.10856900E+01
1.77059500E+03,9.53523200E+00
1.77314800E+03,1.30559500E+01
1.77553400E+03,1.21266300E+01
1.77810300E+03,1.22146400E+01
1.78053900E+03,1.32482500E+01
1.78309800E+03,1.05373900E+01
1.78556600E+03,1.20246100E+01
1.78812120E+03,8.41559900E+00
1.79065200E+03,1.06236300E+01
1.79323100E+03,1.25935400E+01
1.79577800E+03,1.51083500E+01
1.79824100E+03,1.20131000E+01
1.80080400E+03,1.17823500E+01
1.80341400E+03,1.17835400E+01
1.80597900E+03,1.21205000E+01
1.80860200E+03,1.03817000E+01
1.81123000E+03,1.33141800E+01
1.81377700E+03,1.17611800E+01
1.81634700E+03,1.30955000E+01
1.81891000E+03,9.45514400E+00
1.82151700E+03,7.60260500E+00
1.82412000E+03,1.13487100E+01
1.82647200E+03,1.28793600E+01
1.82908200E+03,1.42119600E+01
1.83170000E+03,1.13909900E+01
1.83430600E+03,9.76666100E+00
1.83696900E+03,1.09566200E+01
1.83963700E+03,8.09803500E+00
1.84211700E+03,1.15300200E+01
1.84469500E+03,1.14631700E+01
1.84731400E+03,1.14611700E+01
1.84993800E+03,1.80874700E+01
1.85252900E+03,1.35090900E+01
1.85517900E+03,1.10308600E+01
1.85786500E+03,2.92778700E+01
1.86052100E+03,1.43931200E+01
1.86311300E+03,9.54686700E+00
1.86582100E+03,1.73186200E+01
1.86850800E+03,1.29808000E+01
1.87121000E+03,6.63389500E+00
1.87388800E+03,1.29406200E+01
1.87642300E+03,1.12489200E+01
1.87906500E+03,1.05462600E+01
1.88175900E+03,8.75181200E+00
1.88436600E+03,8.99435700E+00
1.88701100E+03,1.23887800E+01
1.88971100E+03,9.04176800E+00
1.89240800E+03,1.23222600E+01
1.89501400E+03,1.12492800E+01
1.89774520E+03,1.22493100E+01
1.90047500E+03,1.02805100E+01
1.90319400E+03,1.45618100E+01
1.90592500E+03,1.09225900E+01
1.90865000E+03,1.32385500E+01
1.91124700E+03,1.16007600E+01
1.91401700E+03,8.79256800E+00
1.91662300E+03,9.72904500E+00
1.91934900E+03,1.42810900E+01
1.92211800E+03,8.78822700E+00
1.92476400E+03,1.42378100E+01
1.92746700E+03,1.14748500E+01
1.93018100E+03,1.02554300E+01
1.93297400E+03,5.88571500E+00
1.93566900E+03,1.19421400E+01
1.93847700E+03,1.77928900E+01
1.94124900E+03,1.72411900E+01
1.94400700E+03,1.61707200E+01
1.94682400E+03,3.92573400E+01
1.94964100E+03,1.25865600E+01
1.95246500E+03,1.12491900E+01
1.95523100E+03,1.33310000E+01
1.95800500E+03,1.41459800E+01
1.96080700E+03,1.09767600E+01
1.96362600E+03,1.03051200E+01
1.96644100E+03,1.34824100E+01
1.96913800E+03,1.47650900E+01
1.97186600E+03,1.05979400E+01
1.97472700E+03,1.05672400E+01
1.97755800E+03,3.42961800E+01
1.98036700E+03,1.52522900E+01
1.98322000E+03,1.35846400E+01
1.98609800E+03,2.25528400E+01
1.98887800E+03,9.74328600E+00
1.99167300E+03,1.22730500E+01
1.99455500E+03,1.19554100E+01
1.99742600E+03,9.49458200E+00
2.00031900E+03,1.45384500E+01
2.00321700E+03,1.73400200E+01
2.00609500E+03,1.17621400E+01
2.00898430E+03,1.37454600E+01
2.01178500E+03,1.46984100E+01
2.01464400E+03,1.26630700E+01
2.01752400E+03,1.16821000E+01
2.02043500E+03,1.43923600E+01
2.02327500E+03,1.18649000E+01
2.02620000E+03,1.13683700E+01
2.02911870E+03,1.22013900E+01
2.03204400E+03,8.62439500E+00
2.03494000E+03,1.22669200E+01
2.03780200E+03,9.78336100E+00
2.04073100E+03,2.22400200E+01
2.04361100E+03,1.05331300E+01
2.04648700E+03,1.22763300E+01
2.04944700E+03,8.90397200E+00
2.05231500E+03,1.05001800E+01
2.05522800E+03,1.53788200E+01
2.05818800E+03,1.23545600E+01
2.06117040E+03,1.15687700E+01
2.06414100E+03,9.69500900E+00
2.06712700E+03,1.24363500E+01
2.07007000E+03,1.32293400E+01
2.07307550E+03,1.27238000E+01
2.07597800E+03,1.20316600E+01
2.07896900E+03,9.29196200E+00
2.08189400E+03,1.04876400E+01
2.08488000E+03,1.03242000E+01
2.08790500E+03,1.39516900E+01
2.09092400E+03,1.52857800E+01
2.09392100E+03,1.29180700E+01
2.09693300E+03,1.51835900E+01
2.09990300E+03,1.29483200E+01
2.10264800E+03,1.23153100E+01
2.10557000E+03,1.10946300E+01
2.10862900E+03,2.04743600E+01
2.11169400E+03,1.07094200E+01
2.11475300E+03,1.11408500E+01
2.11778100E+03,1.10227600E+01
2.12085500E+03,1.15181900E+01
2.12389400E+03,1.00240400E+01
2.12696800E+03,1.19180400E+01
2.13004600E+03,1.20748100E+01
2.13310600E+03,1.10459500E+01
2.13613500E+03,1.14540200E+01
2.13914200E+03,1.11947100E+01
2.14220100E+03,7.24735000E+00
2.14531100E+03,1.49365300E+01
2.14834100E+03,1.28204200E+01
2.15145000E+03,1.15877900E+01
2.15452800E+03,1.23741900E+01
2.15738300E+03,1.23578900E+01
2.16034400E+03,9.85340100E+00
2.16343900E+03,1.47145800E+01
2.16640000E+03,1.12799400E+01
2.16950000E+03,1.25526200E+01
2.17257800E+03,1.11764300E+01
2.17559800E+03,1.10233300E+01
2.17863500E+03,8.90818200E+00
2.18178600E+03,7.11468400E+00
2.18483000E+03,1.22139100E+01
2.18796500E+03,1.14002600E+01
2.19112700E+03,1.23096800E+01
2.19425000E+03,1.12946000E+01
2.19741100E+03,1.09303600E+01
2.20043800E+03,1.13063100E+01
2.20350000E+03,1.16001300E+01
2.20664200E+03,9.98773700E+00
2.20976000E+03,8.93915300E+00
2.21290300E+03,9.59587900E+00
2.21603000E+03,7.45275300E+00
2.21919700E+03,1.15326100E+01
2.22240800E+03,8.47707200E+00
2.22550600E+03,9.75456900E+00
2.22867400E+03,1.20433000E+01
2.23191200E+03,1.08370500E+01
2.23513900E+03,9.68172600E+00
2.23820700E+03,9.70679700E+00
2.24145300E+03,1.17957600E+01
2.24468700E+03,9.08679900E+00
2.24792700E+03,1.02212900E+02
2.25030000E+03,1.24098800E+01
2.25360000E+03,1.24115100E+01
2.25660000E+03,1.24129800E+01
2.25960000E+03,1.24144600E+01
2.26510000E+03,1.24171800E+01
2.26990000E+03,1.24195400E+01
2.27150000E+03,1.24203300E+01
2.27640000E+03,1.24227500E+01
2.27900000E+03,1.24240300E+01
2.28910000E+03,1.24290100E+01
2.29370000E+03,1.24312800E+01
2.29690000E+03,1.24328600E+01
2.29940000E+03,1.24340900E+01
2.30200000E+03,1.24353700E+01
2.30460000E+03,1.24366500E+01
2.30570000E+03,1.24371900E+01
2.31340000E+03,1.24409900E+01
2.31390000E+03,1.24412400E+01
2.31870000E+03,1.24436000E+01
2.32140000E+03,1.24449400E+01
2.33210000E+03,1.24502100E+01
2.33750000E+03,1.24528700E+01
2.34460000E+03,1.24563800E+01
2.34770000E+03,1.24579000E+01
2.35100000E+03,1.24595300E+01
2.35370000E+03,1.24608600E+01
2.35910000E+03,1.24635300E+01
2.36540000E+03,1.24666300E+01
2.36980000E+03,1.24688000E+01
2.37270000E+03,1.24678500E+01
2.37350000E+03,1.24675400E+01
2.37890000E+03,1.24654500E+01
2.38160000E+03,1.24644000E+01
2.38580000E+03,1.24627700E+01
2.39230000E+03,1.24602500E+01
2.39530000E+03,1.24590900E+01
2.40530000E+03,1.24552100E+01
2.40630000E+03,1.24548200E+01
2.41130000E+03,1.24528800E+01
2.41560000E+03,1.24512100E+01
2.42170000E+03,1.24488500E+01
2.42700000E+03,1.24467900E+01
2.42880000E+03,1.24460900E+01
2.43360000E+03,1.24442300E+01
2.43640000E+03,1.24431500E+01
2.44150000E+03,1.24411700E+01
2.44270000E+03,1.24407000E+01
2.44540000E+03,1.24396600E+01
2.44830000E+03,1.24385300E+01
2.45120000E+03,1.24374100E+01
2.46170000E+03,1.24333300E+01
2.46550000E+03,1.24318600E+01
2.47030000E+03,1.24300000E+01
2.47700000E+03,1.24274000E+01
2.48540000E+03,1.24241400E+01
2.48740000E+03,1.24233700E+01
2.49150000E+03,1.24217800E+01
2.49600000E+03,1.24200300E+01
2.50000000E+03,1.24184800E+01
2.50320000E+03,1.24172400E+01
2.51490000E+03,1.24127000E+01
2.52000000E+03,1.24107200E+01
2.52350000E+03,1.24093600E+01
2.52550000E+03,1.24085900E+01
2.52780000E+03,1.24077000E+01
2.53280000E+03,1.24057600E+01
2.53760000E+03,1.24039000E+01
2.54820000E+03,1.23997800E+01
2.55080000E+03,1.23987800E+01
2.55240000E+03,1.23981500E+01
2.56250000E+03,1.23942400E+01
2.56610000E+03,1.23928400E+01
2.56890000E+03,1.23917600E+01
2.57030000E+03,1.23912100E+01
2.57690000E+03,1.23886500E+01
2.57810000E+03,1.23881900E+01
2.58110000E+03,1.23870200E+01
2.58670000E+03,1.23848500E+01
2.59130000E+03,1.23830700E+01
2.59570000E+03,1.23813600E+01
2.59870000E+03,1.23802000E+01
2.60460000E+03,1.23779100E+01
2.61070000E+03,1.23755400E+01
2.61780000E+03,1.23727900E+01
2.63180000E+03,1.23673600E+01
2.63640000E+03,1.23655700E+01
2.63990000E+03,1.23642200E+01
2.64490000E+03,1.23622800E+01
2.65000000E+03,1.23603000E+01
2.65310000E+03,1.23598100E+01
2.65830000E+03,1.23590000E+01
2.66660000E+03,1.23577000E+01
2.67460000E+03,1.23564400E+01
2.67800000E+03,1.23559100E+01
2.69000000E+03,1.23540300E+01
2.69930000E+03,1.23525700E+01
2.70200000E+03,1.23521400E+01
2.70550000E+03,1.23515900E+01
2.71850000E+03,1.23495600E+01
2.72460000E+03,1.23486000E+01
2.73370000E+03,1.23471700E+01
2.73640000E+03,1.23467500E+01
2.74000000E+03,1.23461800E+01
2.74310000E+03,1.23457000E+01
2.74630000E+03,1.23451900E+01
2.75150000E+03,1.23443800E+01
2.75880000E+03,1.23432300E+01
2.76220000E+03,1.23427000E+01
2.76350000E+03,1.23425000E+01
2.77810000E+03,1.23402100E+01
2.78360000E+03,1.23393400E+01
2.79090000E+03,1.23382000E+01
2.79410000E+03,1.23377000E+01
2.80060000E+03,1.23366800E+01
2.80700000E+03,1.23356700E+01
2.80900000E+03,1.23353600E+01
2.81320000E+03,1.23347000E+01
2.81390000E+03,1.23345900E+01
2.82000000E+03,1.23336300E+01
2.82440000E+03,1.23329400E+01
2.82800000E+03,1.23323800E+01
2.83390000E+03,1.23314500E+01
2.83770000E+03,1.23308600E+01
2.84210000E+03,1.23301700E+01
2.84320000E+03,1.23300000E+01
2.84870000E+03,1.23291300E+01
2.85820000E+03,1.23276400E+01
2.86240000E+03,1.23269800E+01
2.86910000E+03,1.23259300E+01
2.87910000E+03,1.23243600E+01
2.88570000E+03,1.23233300E+01
2.89250000E+03,1.23222600E+01
2.89610000E+03,1.23217000E+01
2.90710000E+03,1.23199700E+01
2.90900000E+03,1.23196700E+01
2.91240000E+03,1.23191400E+01
2.92180000E+03,1.23176700E+01
2.92550000E+03,1.23170900E+01
2.93930000E+03,1.23149200E+01
2.94890000E+03,1.23134200E+01
2.95630000E+03,1.23122500E+01
2.96220000E+03,1.23113300E+01
2.96650000E+03,1.23106500E+01
2.97120000E+03,1.23099200E+01
2.97670000E+03,1.23090500E+01
2.97810000E+03,1.23088400E+01
2.98570000E+03,1.23076400E+01
2.99820000E+03,1.23056800E+01
3.00000000E+03,1.23054000E+01
3.00440000E+03,1.23041300E+01
3.00830000E+03,1.23030100E+01
3.01270000E+03,1.23017400E+01
3.02040000E+03,1.22995200E+01
3.02810000E+03,1.22973100E+01
3.03130000E+03,1.22963900E+01
3.03560000E+03,1.22951500E+01
3.04260000E+03,1.22931300E+01
3.04780000E+03,1.22916300E+01
3.04980000E+03,1.22910600E+01
3.05970000E+03,1.22882100E+01
3.07080000E+03,1.22850100E+01
3.07210000E+03,1.22846400E+01
3.08500000E+03,1.22809200E+01
3.09100000E+03,1.22791900E+01
3.09210000E+03,1.22788800E+01
3.09970000E+03,1.22766900E+01
3.10380000E+03,1.22755100E+01
3.10990000E+03,1.22737500E+01
3.11490000E+03,1.22723100E+01
3.12790000E+03,1.22685600E+01
3.13420000E+03,1.22667500E+01
3.13870000E+03,1.22654500E+01
3.14230000E+03,1.22644200E+01
3.14960000E+03,1.22623200E+01
3.15360000E+03,1.22611600E+01
3.15850000E+03,1.22597500E+01
3.17330000E+03,1.22554900E+01
3.17870000E+03,1.22539300E+01
3.19310000E+03,1.22497900E+01
3.19480000E+03,1.22493000E+01
3.21320000E+03,1.22440000E+01
3.21610000E+03,1.22431600E+01
3.22460000E+03,1.22407200E+01
3.22890000E+03,1.22394800E+01
3.23320000E+03,1.22382400E+01
3.23470000E+03,1.22378100E+01
3.24530000E+03,1.22347500E+01
3.25170000E+03,1.22329100E+01
3.25850000E+03,1.22309500E+01
3.26030000E+03,1.22304300E+01
3.26410000E+03,1.22293400E+01
3.27060000E+03,1.22274700E+01
3.27230000E+03,1.22269800E+01
3.28480000E+03,1.22233800E+01
3.29000000E+03,1.22218800E+01
3.30180000E+03,1.22184800E+01
3.31090000E+03,1.22158600E+01
3.31620000E+03,1.22143300E+01
3.31760000E+03,1.22139300E+01
3.32290000E+03,1.22124000E+01
3.33010000E+03,1.22103300E+01
3.33210000E+03,1.22097600E+01
3.33620000E+03,1.22085700E+01
3.34420000E+03,1.22062700E+01
3.34810000E+03,1.22051500E+01
3.35000000E+03,1.22046000E+01
3.35880000E+03,1.22039700E+01
3.36940000E+03,1.22032100E+01
3.37480000E+03,1.22028200E+01
3.37650000E+03,1.22027000E+01
3.39680000E+03,1.22012400E+01
3.41250000E+03,1.22001200E+01
3.41880000E+03,1.21996600E+01
3.42980000E+03,1.21988700E+01
3.44080000E+03,1.21980900E+01
3.44810000E+03,1.21975600E+01
3.46140000E+03,1.21966100E+01
3.46540000E+03,1.21963200E+01
3.47060000E+03,1.21959500E+01
3.48760000E+03,1.21947300E+01
3.49740000E+03,1.21940200E+01
3.50000000E+03,1.21938400E+01
3.50550000E+03,1.21934400E+01
3.52980000E+03,1.21917000E+01
3.54360000E+03,1.21907100E+01
3.55110000E+03,1.21901700E+01
3.56290000E+03,1.21893200E+01
3.57460000E+03,1.21884800E+01
3.58060000E+03,1.21880500E+01
3.58650000E+03,1.21876300E+01
3.59130000E+03,1.21872900E+01
3.60230000E+03,1.21865000E+01
3.60740000E+03,1.21861300E+01
3.61620000E+03,1.21855000E+01
3.62770000E+03,1.21846800E+01
3.63440000E+03,1.21841900E+01
3.64310000E+03,1.21835700E+01
3.65080000E+03,1.21830200E+01
3.65380000E+03,1.21828000E+01
3.65810000E+03,1.21824900E+01
3.67420000E+03,1.21813400E+01
3.68470000E+03,1.21805900E+01
3.69190000E+03,1.21800700E+01
3.70470000E+03,1.21791500E+01
3.71630000E+03,1.21783200E+01
3.72700000E+03,1.21775500E+01
3.75000000E+03,1.21759000E+01
3.75190000E+03,1.21759800E+01
3.75870000E+03,1.21762700E+01
3.76510000E+03,1.21765300E+01
3.77360000E+03,1.21768900E+01
3.78870000E+03,1.21775300E+01
3.80370000E+03,1.21781600E+01
3.82970000E+03,1.21792500E+01
3.84730000E+03,1.21799900E+01
3.85260000E+03,1.21802100E+01
3.86390000E+03,1.21806800E+01
3.90280000E+03,1.21823200E+01
3.92310000E+03,1.21831700E+01
3.93230000E+03,1.21835600E+01
3.93700000E+03,1.21837500E+01
3.94600000E+03,1.21841300E+01
3.95500000E+03,1.21845100E+01
3.95730000E+03,1.21846100E+01
3.96410000E+03,1.21848900E+01
3.96880000E+03,1.21850900E+01
3.97420000E+03,1.21853200E+01
3.98790000E+03,1.21858900E+01
4.00000000E+03,1.21864000E+01
4.00060000E+03,1.21864400E+01
4.03870000E+03,1.21892400E+01
4.09860000E+03,1.21936500E+01
4.11390000E+03,1.21947700E+01
4.12520000E+03,1.21956000E+01
4.16950000E+03,1.21988600E+01
4.19040000E+03,1.22003900E+01
4.19930000E+03,1.22010500E+01
4.20210000E+03,1.22007100E+01
4.23720000E+03,1.21942100E+01
4.24420000E+03,1.21929100E+01
4.25250000E+03,1.21913800E+01
4.26780000E+03,1.21885400E+01
4.27810000E+03,1.21866400E+01
4.28800000E+03,1.21848000E+01
4.29290000E+03,1.21838900E+01
4.29490000E+03,1.21835200E+01
4.30150000E+03,1.21823000E+01
4.32140000E+03,1.21786200E+01
4.33760000E+03,1.21756200E+01
4.34480000E+03,1.21742800E+01
4.34890000E+03,1.21735200E+01
4.35680000E+03,1.21720600E+01
4.36480000E+03,1.21705800E+01
4.38530000E+03,1.21667800E+01
4.38870000E+03,1.21661500E+01
4.39550000E+03,1.21648900E+01
4.42290000E+03,1.21598200E+01
4.42840000E+03,1.21588000E+01
4.44370000E+03,1.21559700E+01
4.45410000E+03,1.21540400E+01
4.46460000E+03,1.21521000E+01
4.47460000E+03,1.21502400E+01
4.48910000E+03,1.21475600E+01
4.50000000E+03,1.21455400E+01
4.51390000E+03,1.21429700E+01
4.54730000E+03,1.21367800E+01
4.55780000E+03,1.21348400E+01
4.57110000E+03,1.21323700E+01
4.59670000E+03,1.21276300E+01
4.62110000E+03,1.21231100E+01
4.63340000E+03,1.21208300E+01
4.64900000E+03,1.21179500E+01
4.65560000E+03,1.21167200E+01
4.67280000E+03,1.21135400E+01
4.68000000E+03,1.21122000E+01
4.69610000E+03,1.21092200E+01
4.70000000E+03,1.21085000E+01
4.71570000E+03,1.21106500E+01
4.72520000E+03,1.21119500E+01
4.74620000E+03,1.21148200E+01
4.76130000E+03,1.21168900E+01
4.77310000E+03,1.21185000E+01
4.77900000E+03,1.21193100E+01
4.80010000E+03,1.21222000E+01
4.81530000E+03,1.21242800E+01
4.82220000E+03,1.21252200E+01
4.82740000E+03,1.21259300E+01
4.84740000E+03,1.21286700E+01
4.86660000E+03,1.21313000E+01
4.89490000E+03,1.21351700E+01
4.93150000E+03,1.21401800E+01
4.95740000E+03,1.21437200E+01
4.97450000E+03,1.21460600E+01
4.98020000E+03,1.21468400E+01
4.98460000E+03,1.21474400E+01
4.99700000E+03,1.21491400E+01
5.01610000E+03,1.21517500E+01
5.02600000E+03,1.21531100E+01
5.04370000E+03,1.21555300E+01
5.05460000E+03,1.21570200E+01
5.05990000E+03,1.21577500E+01
5.06990000E+03,1.21591100E+01
5.09350000E+03,1.21623400E+01
5.09990000E+03,1.21632200E+01
5.11920000E+03,1.21658600E+01
5.12570000E+03,1.21667500E+01
5.13160000E+03,1.21675600E+01
5.15370000E+03,1.21705800E+01
5.16070000E+03,1.21715400E+01
5.16230000E+03,1.21717600E+01
5.17900000E+03,1.21740400E+01
5.20140000E+03,1.21771100E+01
5.20300000E+03,1.21773300E+01
5.21500000E+03,1.21789700E+01
5.22700000E+03,1.21806100E+01
5.23250000E+03,1.21813600E+01
5.24140000E+03,1.21825800E+01
5.27270000E+03,1.21868600E+01
5.27710000E+03,1.21874700E+01
5.29200000E+03,1.21895100E+01
5.29970000E+03,1.21905600E+01
5.30000000E+03,1.21906000E+01
5.31190000E+03,1.21871200E+01
5.32230000E+03,1.21840800E+01
5.32890000E+03,1.21821400E+01
5.35640000E+03,1.21741000E+01
5.36720000E+03,1.21709400E+01
5.38580000E+03,1.21655000E+01
5.39580000E+03,1.21625700E+01
5.40440000E+03,1.21600600E+01
5.40510000E+03,1.21598500E+01
5.41590000E+03,1.21566900E+01
5.42660000E+03,1.21535600E+01
5.43790000E+03,1.21502500E+01
5.46030000E+03,1.21437000E+01
5.47040000E+03,1.21407500E+01
5.49390000E+03,1.21338700E+01
5.50000000E+03,1.21320900E+01
5.51650000E+03,1.21272600E+01
5.52780000E+03,1.21239500E+01
5.54530000E+03,1.21188300E+01
5.56210000E+03,1.21139200E+01
5.58510000E+03,1.21071900E+01
5.60820000E+03,1.21004300E+01
5.61440000E+03,1.20986200E+01
5.63770000E+03,1.20918000E+01
5.65500000E+03,1.20867400E+01
5.67550000E+03,1.20807400E+01
5.69040000E+03,1.20763800E+01
5.69180000E+03,1.20759700E+01
5.75110000E+03,1.20586200E+01
5.76440000E+03,1.20547300E+01
5.77100000E+03,1.20528000E+01
5.78430000E+03,1.20489100E+01
5.82870000E+03,1.20359200E+01
5.84790000E+03,1.20303000E+01
5.85800000E+03,1.20273500E+01
5.86480000E+03,1.20253600E+01
5.86660000E+03,1.20248300E+01
5.88500000E+03,1.20194500E+01
5.91020000E+03,1.20120700E+01
5.93540000E+03,1.20047000E+01
5.97200000E+03,1.19939900E+01
6.00000000E+03,1.19858000E+01
6.05690000E+03,1.19870200E+01
6.06390000E+03,1.19871700E+01
6.09280000E+03,1.19877900E+01
6.12630000E+03,1.19885100E+01
6.16010000E+03,1.19892300E+01
6.17630000E+03,1.19895800E+01
6.19090000E+03,1.19898900E+01
6.21140000E+03,1.19903300E+01
6.22290000E+03,1.19905800E+01
6.23720000E+03,1.19908800E+01
6.26250000E+03,1.19914300E+01
6.27500000E+03,1.19916900E+01
6.28420000E+03,1.19918900E+01
6.30420000E+03,1.19923200E+01
6.32650000E+03,1.19928000E+01
6.33950000E+03,1.19930800E+01
6.34240000E+03,1.19931400E+01
6.37160000E+03,1.19937600E+01
6.39370000E+03,1.19942400E+01
6.40390000E+03,1.19944600E+01
6.45280000E+03,1.19955000E+01
6.45940000E+03,1.19956400E+01
6.49010000E+03,1.19963000E+01
6.50000000E+03,1.19965100E+01
6.50830000E+03,1.19966900E+01
6.54260000E+03,1.19974300E+01
6.56260000E+03,1.19978600E+01
6.56960000E+03,1.19980100E+01
6.57280000E+03,1.19980700E+01
6.58270000E+03,1.19982900E+01
6.63940000E+03,1.19995000E+01
6.68400000E+03,1.20004600E+01
6.69500000E+03,1.20006900E+01
6.70000000E+03,1.20008000E+01
6.71820000E+03,1.20005400E+01
6.73360000E+03,1.20003200E+01
6.74140000E+03,1.20002100E+01
6.80070000E+03,1.19993700E+01
6.81140000E+03,1.19992100E+01
6.83360000E+03,1.19989000E+01
6.84690000E+03,1.19987100E+01
6.86020000E+03,1.19985200E+01
6.87350000E+03,1.19983300E+01
6.87460000E+03,1.19983100E+01
6.90550000E+03,1.19978700E+01
6.93400000E+03,1.19974700E+01
6.95150000E+03,1.19972200E+01
6.95430000E+03,1.19971800E+01
6.97820000E+03,1.19968400E+01
6.99380000E+03,1.19966100E+01
6.99520000E+03,1.19965900E+01
7.01510000E+03,1.19963100E+01
7.02960000E+03,1.19961000E+01
7.03650000E+03,1.19960000E+01
7.05730000E+03,1.19957100E+01
7.08330000E+03,1.19953400E+01
7.10610000E+03,1.19950100E+01
7.14500000E+03,1.19944600E+01
7.16560000E+03,1.19941700E+01
7.20540000E+03,1.19936000E+01
7.21520000E+03,1.19934600E+01
7.25580000E+03,1.19928800E+01
7.30120000E+03,1.19922300E+01
7.32870000E+03,1.19918400E+01
7.33250000E+03,1.19917900E+01
7.38920000E+03,1.19909800E+01
7.39930000E+03,1.19908300E+01
7.40280000E+03,1.19907900E+01
7.42450000E+03,1.19904800E+01
7.48800000E+03,1.19895700E+01
7.50000000E+03,1.19894000E+01
7.52060000E+03,1.19860700E+01
7.54650000E+03,1.19818800E+01
7.57730000E+03,1.19769000E+01
7.58140000E+03,1.19762400E+01
7.60760000E+03,1.19720000E+01
7.62270000E+03,1.19695600E+01
7.64740000E+03,1.19655700E+01
7.66920000E+03,1.19620500E+01
7.71040000E+03,1.19553900E+01
7.74220000E+03,1.19502400E+01
7.76690000E+03,1.19462500E+01
7.78230000E+03,1.19437600E+01
7.80640000E+03,1.19398700E+01
7.82260000E+03,1.19372500E+01
7.85960000E+03,1.19312600E+01
7.87960000E+03,1.19280300E+01
7.94520000E+03,1.19174300E+01
7.99370000E+03,1.19095900E+01
7.99620000E+03,1.19091800E+01
8.01220000E+03,1.19065900E+01
8.02920000E+03,1.19038500E+01
8.03990000E+03,1.19021200E+01
8.08390000E+03,1.18950000E+01
8.08850000E+03,1.18942600E+01
8.10400000E+03,1.18917500E+01
8.10560000E+03,1.18914900E+01
8.19770000E+03,1.18766100E+01
8.24610000E+03,1.18687800E+01
8.27040000E+03,1.18648500E+01
8.28810000E+03,1.18619900E+01
8.32780000E+03,1.18555700E+01
8.35550000E+03,1.18510900E+01
8.36820000E+03,1.18490400E+01
8.37710000E+03,1.18476000E+01
8.40000000E+03,1.18439000E+01
8.40680000E+03,1.18441200E+01
8.48590000E+03,1.18466300E+01
8.50000000E+03,1.18470700E+01
8.50650000E+03,1.18472800E+01
8.51630000E+03,1.18475900E+01
8.55330000E+03,1.18487600E+01
8.56550000E+03,1.18491500E+01
8.60190000E+03,1.18503100E+01
8.65320000E+03,1.18519300E+01
8.68460000E+03,1.18529300E+01
8.73470000E+03,1.18545200E+01
8.76500000E+03,1.18554800E+01
8.79530000E+03,1.18564400E+01
8.81230000E+03,1.18569800E+01
8.82680000E+03,1.18574400E+01
8.86650000E+03,1.18587000E+01
8.88690000E+03,1.18593500E+01
8.91760000E+03,1.18603200E+01
9.00020000E+03,1.18629400E+01
9.13420000E+03,1.18671900E+01
9.25230000E+03,1.18709400E+01
9.27360000E+03,1.18716200E+01
9.28740000E+03,1.18720500E+01
9.44890000E+03,1.18771800E+01
9.50000000E+03,1.18788000E+01
9.53130000E+03,1.18764500E+01
9.57750000E+03,1.18729700E+01
9.60900000E+03,1.18706000E+01
9.64380000E+03,1.18679900E+01
9.66610000E+03,1.18663100E+01
9.72190000E+03,1.18621100E+01
9.72510000E+03,1.18618700E+01
9.74610000E+03,1.18602900E+01
9.76680000E+03,1.18587400E+01
9.78000000E+03,1.18577400E+01
9.81180000E+03,1.18553500E+01
9.84580000E+03,1.18528000E+01
9.86610000E+03,1.18512700E+01
9.89120000E+03,1.18493800E+01
9.92550000E+03,1.18468000E+01
9.96380000E+03,1.18439200E+01
9.97380000E+03,1.18431700E+01
1.00000000E+04,1.18412000E+01
1.00210000E+04,1.18396900E+01
1.00810000E+04,1.18353900E+01
1.01530000E+04,1.18302300E+01
1.02090000E+04,1.18262100E+01
1.04790000E+04,1.18068600E+01
1.06750000E+04,1.17928000E+01
1.08040000E+04,1.17835500E+01
1.09070000E+04,1.17761700E+01
1.09440000E+04,1.17735200E+01
1.09860000E+04,1.17705000E+01
1.10000000E+04,1.17695000E+01
1.10570000E+04,1.17655100E+01
1.12520000E+04,1.17518600E+01
1.13000000E+04,1.17485000E+01
1.13180000E+04,1.17478900E+01
1.13940000E+04,1.17452900E+01
1.14090000E+04,1.17447800E+01
1.14660000E+04,1.17428300E+01
1.15300000E+04,1.17406500E+01
1.17000000E+04,1.17348400E+01
1.17890000E+04,1.17318000E+01
1.18340000E+04,1.17302700E+01
1.19060000E+04,1.17278100E+01
1.20000000E+04,1.17246000E+01
1.20790000E+04,1.17216100E+01
1.21610000E+04,1.17185000E+01
1.22740000E+04,1.17142200E+01
1.25000000E+04,1.17056500E+01
1.26190000E+04,1.17011400E+01
1.28960000E+04,1.16906400E+01
1.30959700E+04,1.16830600E+01
1.31000000E+04,1.16829100E+01
1.32810000E+04,1.16760500E+01
1.34770000E+04,1.16686200E+01
1.37480000E+04,1.16583500E+01
1.39280000E+04,1.16515300E+01
1.40000000E+04,1.16488000E+01
1.40200000E+04,1.16481700E+01
1.42450000E+04,1.16411300E+01
1.44060000E+04,1.16360900E+01
1.48620000E+04,1.16218200E+01
1.49250000E+04,1.16198500E+01
1.50000000E+04,1.16175000E+01
1.50330000E+04,1.16166700E+01
1.51380000E+04,1.16140200E+01
1.53400000E+04,1.16089300E+01
1.56560000E+04,1.16009700E+01
1.60000000E+04,1.15923000E+01
1.64910000E+04,1.15783800E+01
1.66900000E+04,1.15727400E+01
1.67670000E+04,1.15705500E+01
1.69720000E+04,1.15647400E+01
1.70000000E+04,1.15639500E+01
1.75020000E+04,1.15497100E+01
1.77000000E+04,1.15441000E+01
1.77520000E+04,1.15422100E+01
1.81900000E+04,1.15263000E+01
1.87840000E+04,1.15047200E+01
1.90630000E+04,1.14945900E+01
1.92500000E+04,1.14878000E+01
1.94070000E+04,1.14820900E+01
1.95350000E+04,1.14774400E+01
1.99250000E+04,1.14632800E+01
2.00000000E+04,1.14605500E+01
2.00110000E+04,1.14601500E+01
2.00540000E+04,1.14585900E+01
2.03600000E+04,1.14474700E+01
2.06070000E+04,1.14385000E+01
2.07390000E+04,1.14337100E+01
2.08440000E+04,1.14298900E+01
2.14940000E+04,1.14062800E+01
2.16050000E+04,1.14022500E+01
2.17540000E+04,1.13968400E+01
2.18680000E+04,1.13926900E+01
2.20000000E+04,1.13879000E+01
2.21190000E+04,1.13875500E+01
2.22900000E+04,1.13870600E+01
2.23680000E+04,1.13868300E+01
2.25260000E+04,1.13863700E+01
2.26260000E+04,1.13860800E+01
2.27650000E+04,1.13856800E+01
2.29680000E+04,1.13850900E+01
2.30000000E+04,1.13850000E+01
2.31320000E+04,1.13836200E+01
2.33980000E+04,1.13808300E+01
2.34950000E+04,1.13798200E+01
2.36980000E+04,1.13776900E+01
2.37990000E+04,1.13766400E+01
2.40000000E+04,1.13745300E+01
2.41060000E+04,1.13734200E+01
2.41530000E+04,1.13729300E+01
2.41970000E+04,1.13724700E+01
2.49999900E+04,1.13640700E+01
2.51760000E+04,1.13622200E+01
2.52440000E+04,1.13615100E+01
2.55760000E+04,1.13580400E+01
2.56240000E+04,1.13575400E+01
2.58170000E+04,1.13555200E+01
2.60000000E+04,1.13536000E+01
2.61610000E+04,1.13443600E+01
2.63100000E+04,1.13358100E+01
2.63600000E+04,1.13329400E+01
2.66620000E+04,1.13156000E+01
2.67970000E+04,1.13078500E+01
2.70240000E+04,1.12948200E+01
2.76050000E+04,1.12614700E+01
2.80000000E+04,1.12388000E+01
2.80400000E+04,1.12379200E+01
2.86550000E+04,1.12244600E+01
2.87690000E+04,1.12219600E+01
2.91730000E+04,1.12131100E+01
2.92320000E+04,1.12118200E+01
2.99640000E+04,1.11957900E+01
3.00000000E+04,1.11950000E+01
3.11450000E+04,1.11762200E+01
3.20550000E+04,1.11613000E+01
3.23940000E+04,1.11557400E+01
3.35570000E+04,1.11366700E+01
3.44680000E+04,1.11217200E+01
3.46010000E+04,1.11195400E+01
3.46940000E+04,1.11180200E+01
3.47700000E+04,1.11167700E+01
3.53860000E+04,1.11066700E+01
3.60000000E+04,1.10966000E+01
3.68320000E+04,1.10731600E+01
3.74180000E+04,1.10566500E+01
3.77600000E+04,1.10470100E+01
3.78460000E+04,1.10445900E+01
3.81060000E+04,1.10372600E+01
3.83680000E+04,1.10298800E+01
3.84560000E+04,1.10274000E+01
3.86340000E+04,1.10223900E+01
3.88760000E+04,1.10155700E+01
3.92640000E+04,1.10046400E+01
3.98160000E+04,1.09890800E+01
4.00000000E+04,1.09839000E+01
4.03810000E+04,1.09730900E+01
4.06290000E+04,1.09660500E+01
4.14470000E+04,1.09428300E+01
4.21470000E+04,1.09229700E+01
4.22490000E+04,1.09200700E+01
4.23510000E+04,1.09171800E+01
4.25550000E+04,1.09113900E+01
4.29920000E+04,1.08989900E+01
4.50000000E+04,1.08420000E+01
4.58160000E+04,1.08296900E+01
4.63860000E+04,1.08211000E+01
4.64053000E+04,1.08208100E+01
4.68670000E+04,1.08138500E+01
4.73460000E+04,1.08066200E+01
4.80790000E+04,1.07955700E+01
4.82020000E+04,1.07937100E+01
4.84510000E+04,1.07899600E+01
4.88280000E+04,1.07842700E+01
4.89550000E+04,1.07823600E+01
4.90820000E+04,1.07804400E+01
5.00000000E+04,1.07666000E+01
5.15940000E+04,1.07369500E+01
5.19309100E+04,1.07306900E+01
5.22870000E+04,1.07240600E+01
5.28520000E+04,1.07135500E+01
5.34260000E+04,1.07028800E+01
5.41500000E+04,1.06894100E+01
5.53570000E+04,1.06669600E+01
5.60000000E+04,1.06550000E+01
5.97170000E+04,1.05603100E+01
6.00000000E+04,1.05531000E+01
6.04060000E+04,1.05424500E+01
6.11080000E+04,1.05240400E+01
6.32880000E+04,1.04668600E+01
6.40390000E+04,1.04471700E+01
6.53900000E+04,1.04117400E+01
6.55860000E+04,1.04065900E+01
6.58700000E+04,1.03991500E+01
6.61800000E+04,1.03910200E+01
6.65810000E+04,1.03805000E+01
6.68160000E+04,1.03743300E+01
6.71890000E+04,1.03645500E+01
6.77810000E+04,1.03490300E+01
6.80120000E+04,1.03429700E+01
6.86390000E+04,1.03265200E+01
6.88510000E+04,1.03209600E+01
6.94900000E+04,1.03042000E+01
7.03560000E+04,1.02814900E+01
7.10000000E+04,1.02646000E+01
7.10160000E+04,1.02644300E+01
7.18610000E+04,1.02552400E+01
7.25000000E+04,1.02483000E+01
7.28230000E+04,1.02447900E+01
7.37530000E+04,1.02346800E+01
7.46010000E+04,1.02254700E+01
7.50000000E+04,1.02211300E+01
8.00000000E+04,1.01668000E+01
8.20887800E+04,1.01355100E+01
8.50000000E+04,1.00919000E+01
9.00000000E+04,1.00170000E+01
9.50000000E+04,9.91754500E+00
1.00000000E+05,9.81809000E+00
1.03477300E+05,9.75771900E+00
1.20000000E+05,9.47086000E+00
1.29851000E+05,9.31389400E+00
1.40000000E+05,9.15218000E+00
1.50000000E+05,8.99926000E+00
1.51112800E+05,8.98224300E+00
1.60000000E+05,8.84634000E+00
1.70000000E+05,8.70451500E+00
1.71440700E+05,8.68408200E+00
1.72123600E+05,8.67439700E+00
1.80000000E+05,8.56269000E+00
1.90000000E+05,8.42086500E+00
1.97965000E+05,8.30790100E+00
2.00000000E+05,8.27904000E+00
2.10000000E+05,8.15449000E+00
2.20000000E+05,8.02994000E+00
2.26390500E+05,7.95034600E+00
2.30000000E+05,7.90539000E+00
2.35000000E+05,7.84311500E+00
2.40000000E+05,7.78084000E+00
2.45000000E+05,7.72661300E+00
2.50000000E+05,7.67238700E+00
2.50199200E+05,7.67022600E+00
2.60000000E+05,7.56393300E+00
2.60111600E+05,7.56272300E+00
2.70000000E+05,7.45548000E+00
2.80000000E+05,7.34702700E+00
2.92393500E+05,7.21261500E+00
2.95933600E+05,7.17422100E+00
3.00000000E+05,7.13012000E+00
3.25000000E+05,6.89087100E+00
3.34273500E+05,6.80212300E+00
3.39972800E+05,6.74758100E+00
3.40000000E+05,6.74732100E+00
3.50000000E+05,6.66399600E+00
3.58833400E+05,6.59039100E+00
3.68644300E+05,6.50864200E+00
3.70583600E+05,6.49248300E+00
3.75000000E+05,6.45568300E+00
3.94912600E+05,6.28976100E+00
4.00000000E+05,6.24737000E+00
4.16559100E+05,6.12830200E+00
4.25000000E+05,6.06760800E+00
4.28586500E+05,6.04181900E+00
4.35600100E+05,5.99138700E+00
4.40000000E+05,5.95975000E+00
4.40482300E+05,5.95669400E+00
4.47628800E+05,5.91140800E+00
4.50000000E+05,5.89638200E+00
4.56450500E+05,5.85550600E+00
4.73322600E+05,5.74859000E+00
4.75000000E+05,5.73796100E+00
4.76332500E+05,5.72951700E+00
4.87081400E+05,5.66140300E+00
5.00000000E+05,5.57954000E+00
5.12108400E+05,5.51154500E+00
5.20000000E+05,5.46723000E+00
5.34684800E+05,5.38476800E+00
5.35516400E+05,5.38009800E+00
5.40000000E+05,5.35492000E+00
5.52762100E+05,5.29135400E+00
5.70000000E+05,5.20549500E+00
5.70437600E+05,5.20331500E+00
5.90322600E+05,5.10427200E+00
6.00000000E+05,5.05607000E+00
6.10689600E+05,5.00869900E+00
6.19045300E+05,4.97167100E+00
6.35887300E+05,4.89703500E+00
6.40000000E+05,4.87881000E+00
6.50000000E+05,4.83921300E+00
7.00000000E+05,4.64123000E+00
7.50000000E+05,4.47091900E+00
7.61000000E+05,4.43345000E+00
8.00000000E+05,4.31908900E+00
8.25000000E+05,4.24578000E+00
8.50000000E+05,4.18396000E+00
9.00000000E+05,4.06032000E+00
9.40000000E+05,3.97716800E+00
9.58000000E+05,3.93975000E+00
9.60000000E+05,3.93655100E+00
9.80000000E+05,3.90456600E+00
1.00000000E+06,3.87258100E+00
1.04000000E+06,3.80861000E+00
1.10000000E+06,3.73349000E+00
1.16900000E+06,3.66511000E+00
1.25000000E+06,3.62638800E+00
1.40000000E+06,3.55468000E+00
1.55500000E+06,3.55881000E+00
1.60000000E+06,3.57391600E+00
1.72700000E+06,3.61655000E+00
1.80000000E+06,3.66096800E+00
2.00000000E+06,3.78266000E+00
2.17100000E+06,3.90960000E+00
2.20000000E+06,3.93149700E+00
2.37000000E+06,4.05986000E+00
2.40000000E+06,4.08080300E+00
2.60000000E+06,4.22042000E+00
2.80000000E+06,4.33265200E+00
2.92700000E+06,4.40392000E+00
3.00000000E+06,4.42911800E+00
3.34400000E+06,4.54786000E+00
3.60000000E+06,4.56640400E+00
3.92700000E+06,4.59009000E+00
4.00000000E+06,4.57814000E+00
4.40000000E+06,4.51266100E+00
4.50000000E+06,4.48032100E+00
4.70000000E+06,4.41564000E+00
4.89700000E+06,4.35193000E+00
5.00000000E+06,4.30778000E+00
5.30000000E+06,4.17918800E+00
5.32073700E+06,4.17030000E+00
5.38200000E+06,4.14404000E+00
5.50000000E+06,4.10112000E+00
5.60000000E+06,4.06139000E+00
5.70000000E+06,4.03285000E+00
5.80000000E+06,3.99666300E+00
5.85000000E+06,3.97857000E+00
6.00000000E+06,3.92321000E+00
6.20000000E+06,3.84254000E+00
6.40000000E+06,3.76187000E+00
6.50000000E+06,3.71791300E+00
7.00000000E+06,3.49813000E+00
7.40000000E+06,3.34668000E+00
7.50000000E+06,3.31528300E+00
7.75000000E+06,3.23679000E+00
7.76000000E+06,3.23365000E+00
8.00000000E+06,3.15667400E+00
8.40000000E+06,3.02838000E+00
8.50000000E+06,3.00048800E+00
9.00000000E+06,2.86103000E+00
9.37000000E+06,2.78841000E+00
1.00000000E+07,2.70144000E+00
1.10000000E+07,2.62502000E+00
1.14700000E+07,2.61224000E+00
1.15000000E+07,2.61334300E+00
1.19812100E+07,2.63103300E+00
1.20000000E+07,2.63172400E+00
1.21000000E+07,2.63540000E+00
1.21931100E+07,2.64101500E+00
1.25000000E+07,2.65952000E+00
1.28600000E+07,2.68616000E+00
1.30000000E+07,2.69843800E+00
1.35000000E+07,2.74229000E+00
1.40000000E+07,2.79147000E+00
1.45000000E+07,2.84320000E+00
1.50000000E+07,2.89583000E+00
1.60000000E+07,2.99829000E+00
1.70000000E+07,3.09004000E+00
1.80000000E+07,3.16535000E+00
1.85352100E+07,3.20360100E+00
1.90000000E+07,3.23682000E+00
2.00000000E+07,3.28091000E+00
